0,3893506,5,1
1,3793254,5,1
2,6148794,5,1
3,6149220,17,1
4,6149432,17,1
5,6149434,17,1
6,6149306,17,1
7,6149487,17,1
8,6149972,17,1
9,6150546,16,1
10,6150640,5,1
11,6150881,5,1
12,6151170,5,1
13,6150928,5,1
14,6150741,5,1
15,6151910,5,1
16,6151805,5,1
17,6149278,0,1
18,6152619,17,1
19,6152634,5,1
20,6152331,5,1
21,6153803,5,1
22,6152605,15,1
23,6153514,5,1
24,6154152,11,1
25,6155590,5,1
26,6155594,16,1
27,6155796,5,1
28,6155741,5,1
29,6155068,5,1
30,6156018,5,1
31,6155578,17,1
32,6153549,5,1
33,6155837,17,1
34,6152119,16,1
35,6154494,17,1
36,6156467,5,1
37,6157463,5,1
38,6154026,17,1
39,6154146,5,1
40,6157771,5,1
41,6157948,0,1
42,6158169,0,1
43,6158155,5,1
44,6150561,17,1
45,6156944,5,1
46,6158764,5,1
47,6158687,17,1
48,6159172,17,1
49,6159290,17,1
50,6159515,5,1
51,6154183,5,1
52,6158914,17,1
53,6157606,5,1
54,6160293,5,1
55,6157082,5,1
56,6161556,5,1
57,6161780,5,1
58,6149381,17,1
59,6162055,5,1
60,6156187,5,1
61,6162394,5,1
62,6161492,17,1
63,6162580,5,1
64,6162187,17,1
65,6161494,5,1
66,6163369,5,1
67,6156840,17,1
68,6163426,15,1
69,6150290,5,1
70,6162348,0,1
71,6163893,17,1
72,6163941,5,1
73,6163977,17,1
74,6164112,5,1
75,6162718,5,1
76,6164240,5,1
77,6160965,17,1
78,6161188,11,1
79,6165622,17,1
80,6163185,17,1
81,6165922,5,1
82,6165644,17,1
83,6164556,5,1
84,6165966,5,1
85,6165631,11,1
86,6158525,5,1
87,6166778,0,1
88,6160546,5,1
89,6167601,5,1
90,6165641,5,1
91,6167689,5,1
92,6167885,16,1
93,6167409,5,1
94,6167463,5,1
95,6155756,5,1
96,6168061,11,1
97,6167039,5,1
98,6167754,5,1
99,6166343,17,1
100,6152507,5,1
101,6165823,5,1
102,6153411,17,1
103,6166521,17,1
104,6168839,5,1
105,6169200,17,1
106,6169536,5,1
107,6169959,5,1
108,6168405,5,1
109,6166859,17,1
110,6170313,5,1
111,6166424,5,1
112,6169679,17,1
113,6160881,17,1
114,6168719,17,1
115,6166504,5,1
116,6171428,16,1
117,6171570,5,1
118,6161719,5,1
119,6161048,5,1
120,6172236,17,1
121,6172088,5,1
122,6172403,0,1
123,6172212,17,1
124,6172549,5,1
125,6172645,5,1
126,6170863,13,1
127,6172897,5,1
128,6173440,5,1
129,6173553,17,1
130,6170555,17,1
131,6166589,17,1
132,6173732,5,1
133,6174260,17,1
134,6174273,15,1
135,6174517,5,1
136,6174388,17,1
137,6160790,11,1
138,6174773,17,1
139,6171734,5,1
140,6174950,16,1
141,6166727,17,1
142,6175233,5,1
143,6175185,17,1
144,6175553,5,1
145,6170390,5,1
146,6172845,5,1
147,6169675,5,1
148,6171981,0,1
149,6170117,5,1
150,6173497,5,1
151,6176869,5,1
152,6170995,17,1
153,6175003,5,1
154,6175850,17,1
155,6177123,17,1
156,6176635,5,1
157,6176357,5,1
158,6175832,5,1
159,6177452,5,1
160,6176623,13,1
161,6174177,5,1
162,6178158,17,1
163,6175174,5,1
164,6178453,17,1
165,6164501,17,1
166,6179262,5,1
167,6179692,5,1
168,6173534,17,1
169,6165626,5,1
170,6178415,5,1
171,6175017,5,1
172,6180044,5,1
173,6180650,5,1
174,6166602,5,1
175,6180734,17,1
176,6180792,0,1
177,6180792,5,1
178,6171626,17,1
179,6181383,17,1
180,6180266,17,1
181,6179722,0,1
182,6181255,13,1
183,6171565,5,1
184,6182038,17,1
185,6180256,5,1
186,6168969,0,1
187,6182174,17,1
188,6183126,5,1
189,6170150,17,1
190,6165667,5,1
191,6174453,5,1
192,6184137,17,1
193,6184421,0,1
194,6184648,5,1
195,6184680,5,1
196,6184936,17,1
197,6185073,5,1
198,6183491,17,1
199,6171991,11,1
200,6185153,17,1
201,6185532,17,1
202,6185860,5,1
203,6178931,5,1
204,6186196,5,1
205,6186139,17,1
206,6167117,5,1
207,6170253,5,1
208,6186380,5,1
209,6187328,5,1
210,6162494,16,1
211,6187630,5,1
212,6187769,17,1
213,6149140,17,1
214,6149386,17,1
215,6150850,17,1
216,6150887,5,1
217,6150990,5,1
218,6151290,5,1
219,6151060,5,1
220,6151029,5,1
221,6151555,17,1
222,6151944,5,1
223,6152623,5,1
224,6152668,5,1
225,6152061,17,1
226,6151584,5,1
227,6153575,5,1
228,6153473,5,1
229,6153466,17,1
230,6153295,17,1
231,6154141,5,1
232,6154214,5,1
233,6152401,5,1
234,6152895,17,1
235,6155041,5,1
236,6153661,5,1
237,6149637,17,1
238,6155693,17,1
239,6155723,5,1
240,6155098,5,1
241,6152796,17,1
242,6156396,5,1
243,6155958,5,1
244,6155111,5,1
245,6152091,17,1
246,6156384,17,1
247,6154722,11,1
248,6157355,17,1
249,6154007,5,1
250,6157682,17,1
251,6153025,5,1
252,6157948,17,1
253,6155750,17,1
254,6158169,17,1
255,6158339,5,1
256,6158538,11,1
257,6156524,17,1
258,6157614,10,1
259,6149073,17,1
260,6158969,5,1
261,6159158,5,1
262,6158890,5,1
263,6158975,5,1
264,6159487,5,1
265,6154790,5,1
266,6150561,0,1
267,6160008,5,1
268,6158490,5,1
269,6160545,5,1
270,6160531,17,1
271,6160644,5,1
272,6158171,5,1
273,6153899,0,1
274,6161800,5,1
275,6161919,5,1
276,6162119,17,1
277,6156814,17,1
278,3893506,5,1
279,6162458,5,1
280,6163002,5,1
281,6163171,5,1
282,6161213,5,1
283,6161641,5,1
284,6188468,0,1
285,6188397,5,1
286,6170157,5,1
287,6188785,17,1
288,6177454,17,1
289,6186299,13,1
290,6189277,17,1
291,6188309,17,1
292,6185471,0,1
293,6189754,17,1
294,6187982,5,1
295,6189914,17,1
296,6190210,5,1
297,6190273,5,1
298,6189683,5,1
299,6190511,5,1
300,6185979,5,1
301,6191308,5,1
302,6191310,5,1
303,6185744,17,1
304,6190433,5,1
305,6186275,5,1
306,6190375,5,1
307,6186617,17,1
308,6173386,13,1
309,6163702,15,1
310,6189705,5,1
311,6192890,5,1
312,6191758,5,1
313,6193618,17,1
314,6174378,5,1
315,6167190,5,1
316,6194808,17,1
317,6194667,17,1
318,6190556,5,1
319,6195470,5,1
320,6192514,5,1
321,6195228,17,1
322,3793254,5,1
323,6179301,5,1
324,6158075,5,1
325,6170278,5,1
326,6190081,5,1
327,6193540,5,1
328,6195265,17,1
329,6196811,17,1
330,6196856,5,1
331,6194362,5,1
332,6197167,5,1
333,6195913,5,1
334,6197887,17,1
335,6196917,5,1
336,6196772,5,1
337,6180465,0,1
338,6152423,5,1
339,6195058,5,1
340,6189250,5,1
341,6200344,5,1
342,6200880,17,1
343,6174920,0,1
344,6202046,5,1
345,6200180,5,1
346,6202240,5,1
347,6202728,5,1
348,6187728,5,1
349,6167991,5,1
350,6201382,17,1
351,6203303,5,1
352,6203096,5,1
353,6203365,17,1
354,6203383,5,1
355,6162309,17,1
356,6163747,5,1
357,6162348,5,1
358,6163905,17,1
359,6161678,17,1
360,6164462,17,1
361,6158366,5,1
362,6157390,5,1
363,6163632,17,1
364,6164548,5,1
365,6155708,13,1
366,6154118,5,1
367,6165709,5,1
368,6165742,17,1
369,6165818,0,1
370,6165446,16,1
371,6166622,5,1
372,6166844,16,1
373,6166778,5,1
374,6166565,5,1
375,6164118,17,1
376,6149464,5,1
377,6165583,11,1
378,6167066,5,1
379,6168097,5,1
380,6167874,5,1
381,6162172,11,1
382,6165644,0,1
383,6168469,17,1
384,6164192,17,1
385,6162878,17,1
386,6168574,5,1
387,6169012,17,1
388,6166778,0,1
389,6163434,17,1
390,6164124,17,1
391,6169747,17,1
392,6169866,5,1
393,6170688,5,1
394,6167657,5,1
395,6171153,17,1
396,6171236,11,1
397,6171366,5,1
398,6166778,0,1
399,6166778,0,1
400,6171642,5,1
401,6171807,5,1
402,6172294,17,1
403,6172403,5,1
404,6168719,0,1
405,6168411,17,1
406,6170164,5,1
407,6164745,17,1
408,6173220,17,1
409,6155110,5,1
410,6171795,17,1
411,6173896,5,1
412,6155107,15,1
413,6155107,0,1
414,6174015,5,1
415,6174460,17,1
416,6173154,5,1
417,6171514,5,1
418,6170164,0,1
419,6149539,17,1
420,6175109,5,1
421,6169490,17,1
422,6175562,17,1
423,6174155,17,1
424,6175693,15,1
425,6171339,5,1
426,6203423,5,1
427,6203346,17,1
428,6203741,17,1
429,6203732,17,1
430,6186027,5,1
431,6204007,5,1
432,6204014,5,1
433,6204202,5,1
434,6204327,5,1
435,6204418,17,1
436,6204576,17,1
437,6203968,5,1
438,6204275,5,1
439,6204979,5,1
440,6204896,17,1
441,6205082,0,1
442,6205075,5,1
443,6205543,5,1
444,6205536,17,1
445,6203443,5,1
446,6206052,5,1
447,6206115,11,1
448,6205696,17,1
449,6202363,5,1
450,6206335,17,1
451,6191432,5,1
452,6206443,17,1
453,6206887,5,1
454,6206851,5,1
455,6206932,17,1
456,6206966,17,1
457,6207435,5,1
458,6168327,0,1
459,6207670,17,1
460,6204485,5,1
461,6207952,17,1
462,6208457,5,1
463,6194561,5,1
464,6208368,15,1
465,6203860,16,1
466,6209198,5,1
467,6207542,17,1
468,6209336,5,1
469,6208481,5,1
470,6209396,17,1
471,6209376,17,1
472,6209638,5,1
473,6209799,5,1
474,6210155,5,1
475,6209877,5,1
476,6207519,5,1
477,6210470,5,1
478,6209918,5,1
479,6211060,5,1
480,6209198,0,1
481,6211368,5,1
482,6207486,17,1
483,6210168,17,1
484,6211339,5,1
485,6211528,5,1
486,6201039,5,1
487,6211693,5,1
488,6211723,17,1
489,6209362,5,1
490,6206624,17,1
491,6205417,17,1
492,6205445,17,1
493,6203488,17,1
494,6209605,5,1
495,6212195,17,1
496,6212359,5,1
497,6203968,0,1
498,6207494,5,1
499,6212191,5,1
500,6206956,5,1
501,6212586,5,1
502,6210248,5,1
503,6212962,5,1
504,6213339,5,1
505,6168327,5,1
506,6208889,6,1
507,6213935,17,1
508,6212349,7,1
509,6213998,11,1
510,6207207,7,1
511,6214161,5,1
512,6213950,5,1
513,6206301,7,1
514,6214617,7,1
515,6182011,5,1
516,6210552,7,1
517,6212302,7,1
518,6214067,5,1
519,6209041,5,1
520,6203477,5,1
521,6187566,5,1
522,6214029,6,1
523,6206252,5,1
524,6211803,7,1
525,6215744,5,1
526,6208135,17,1
527,6150881,5,1
528,6150990,5,1
529,6208480,9,1
530,6198447,12,1
531,3325662,7,1
532,6151290,5,1
533,6150928,5,1
534,6171853,9,1
535,6212485,8,1
536,6216577,9,1
537,6210448,9,1
538,6216441,7,1
539,6216663,8,1
540,6211053,7,1
541,6188394,9,1
542,6215141,9,1
543,6216945,7,1
544,6216601,9,1
545,6217177,9,1
546,6217125,7,1
547,6216838,7,1
548,6216674,12,1
549,6209453,7,1
550,6197093,8,1
551,6216777,9,1
552,6210099,12,1
553,6207752,7,1
554,6152623,5,1
555,6217763,9,1
556,6149306,17,1
557,6217865,9,1
558,6217973,7,1
559,6204582,7,1
560,6216162,8,1
561,6218379,7,1
562,6205248,7,1
563,6216598,12,1
564,6217432,8,1
565,6217199,7,1
566,6217914,7,1
567,6175852,17,1
568,6170279,5,1
569,6166746,5,1
570,6173213,5,1
571,6176509,5,1
572,6176190,5,1
573,6172977,5,1
574,6174226,17,1
575,6172196,17,1
576,6174093,5,1
577,6175454,5,1
578,6169349,11,1
579,6177573,5,1
580,6177305,5,1
581,6174247,5,1
582,6178172,5,1
583,6178590,17,1
584,6178745,5,1
585,6175359,17,1
586,6175462,17,1
587,6176108,5,1
588,6179480,17,1
589,6179722,5,1
590,6173652,17,1
591,6180153,17,1
592,6179547,17,1
593,6170784,17,1
594,6178813,5,1
595,6171434,5,1
596,6179745,5,1
597,6180714,5,1
598,6180986,0,1
599,6177203,17,1
600,6179225,5,1
601,6182762,17,1
602,6182919,17,1
603,6177162,17,1
604,6176106,5,1
605,6182628,5,1
606,6182361,17,1
607,6181902,5,1
608,6178452,5,1
609,6184228,0,1
610,6184301,17,1
611,6184736,17,1
612,6185172,17,1
613,6178464,5,1
614,6168907,5,1
615,6182370,5,1
616,6184559,5,1
617,6186146,17,1
618,6183938,5,1
619,6186343,5,1
620,6179243,5,1
621,6186411,5,1
622,6184782,5,1
623,6178248,5,1
624,6180414,17,1
625,6186954,5,1
626,6182192,5,1
627,6187373,17,1
628,6187574,17,1
629,6186438,5,1
630,6185618,17,1
631,6184308,5,1
632,6186116,5,1
633,6184169,5,1
634,6181061,17,1
635,6179284,17,1
636,6188351,17,1
637,6170771,5,1
638,6153473,5,1
639,6218894,9,1
640,6217378,12,1
641,6169563,6,1
642,6219187,9,1
643,6218816,7,1
644,6212888,9,1
645,6219348,9,1
646,6209048,8,1
647,6201229,12,1
648,6217791,9,1
649,6219844,7,1
650,6219917,9,1
651,6211871,9,1
652,6220040,9,1
653,6152619,17,1
654,6218997,7,1
655,6214883,12,1
656,6215725,14,1
657,6220589,12,1
658,6220026,12,1
659,6220695,9,1
660,6219042,9,1
661,6220857,7,1
662,6155741,5,1
663,6219229,12,1
664,6205500,9,1
665,6196526,8,1
666,6221516,12,1
667,6221185,9,1
668,6153549,5,1
669,6169009,9,1
670,6215580,9,1
671,6221607,8,1
672,6174582,9,1
673,6174842,7,1
674,6204378,9,1
675,6222061,7,1
676,6220937,9,1
677,6219947,9,1
678,6154007,5,1
679,6207194,8,1
680,6200723,6,1
681,6222495,9,1
682,6222756,9,1
683,6222209,7,1
684,6182859,9,1
685,6222885,9,1
686,6157771,5,1
687,6222885,0,1
688,6169490,0,1
689,6184341,9,1
690,6221900,7,1
691,6158155,5,1
692,6155578,17,1
693,6155837,17,1
694,6223205,9,1
695,6204133,14,1
696,6158339,5,1
697,6219022,14,1
698,6223688,9,1
699,6210014,9,1
700,6220402,0,1
701,6223793,9,1
702,6166160,8,1
703,6152091,17,1
704,6189598,8,1
705,6158890,5,1
706,6223369,7,1
707,6213079,9,1
708,6207026,8,1
709,6224094,9,1
710,6220781,8,1
711,6159290,17,1
712,6224580,7,1
713,6154790,5,1
714,6224303,9,1
715,6218988,9,1
716,6160008,5,1
717,6158490,5,1
718,6207982,0,1
719,6156524,17,1
720,6160644,5,1
721,6225567,7,1
722,6224752,9,1
723,6224699,9,1
724,6206757,9,1
725,6224690,9,1
726,6207777,9,1
727,6217501,9,1
728,6162458,5,1
729,6222089,12,1
730,3893506,5,1
731,6211883,7,1
732,6161492,17,1
733,6178168,9,1
734,6163171,5,1
735,6201238,9,1
736,6203994,6,1
737,6163002,5,1
738,6175424,8,1
739,6162348,5,1
740,6227059,9,1
741,6227091,12,1
742,6226743,7,1
743,6224735,9,1
744,6150290,5,1
745,6226246,12,1
746,6227584,7,1
747,6227391,9,1
748,6227601,7,1
749,6163941,5,1
750,6163893,17,1
751,6227889,7,1
752,6227653,9,1
753,6225218,8,1
754,6228308,9,1
755,6228306,8,1
756,6228599,12,1
757,6228449,7,1
758,6165644,17,1
759,6227302,9,1
760,6229139,9,1
761,6221644,12,1
762,6228600,9,1
763,6212859,9,1
764,6228241,7,1
765,6217982,9,1
766,6229460,7,1
767,6165641,5,1
768,6219435,12,1
769,6229523,9,1
770,6229547,9,1
771,6190510,7,1
772,6171878,14,1
773,6228221,9,1
774,6182819,9,1
775,6228318,9,1
776,6230021,5,1
777,6217752,8,1
778,6165742,17,1
779,6230498,7,1
780,6226994,7,1
781,6224318,9,1
782,6168097,5,1
783,6226256,14,1
784,6230467,7,1
785,6229345,9,1
786,6180721,14,1
787,6230899,9,1
788,6227758,9,1
789,6231140,14,1
790,6205925,9,1
791,6231377,0,1
792,6231397,12,1
793,6231631,7,1
794,6231725,12,1
795,6153411,8,1
796,6230610,9,1
797,6203287,8,1
798,6177690,9,1
799,6232486,7,1
800,6232850,9,1
801,6232850,0,1
802,6220786,9,1
803,6233418,7,1
804,6214179,9,1
805,6233601,9,1
806,6233624,14,1
807,6171642,5,1
808,6222857,9,1
809,6155111,9,1
810,6191959,9,1
811,6233855,7,1
812,6172549,5,1
813,6234344,7,1
814,6150777,7,1
815,6234740,9,1
816,6173440,5,1
817,6225201,6,1
818,6173553,17,1
819,6233372,12,1
820,6231276,9,1
821,6158059,7,1
822,6235061,12,1
823,6235175,7,1
824,6220857,0,1
825,6230726,9,1
826,6231507,12,1
827,6235693,9,1
828,6201226,9,1
829,6173154,5,1
830,6236769,0,1
831,6153149,12,1
832,6175109,5,1
833,6172845,5,1
834,6234818,5,1
835,6237140,9,1
836,6227947,9,1
837,6169490,8,1
838,6237398,9,1
839,6219330,12,1
840,6166746,5,1
841,6237556,9,1
842,6211053,0,1
843,6150974,9,1
844,6237985,9,1
845,6237871,9,1
846,6234136,5,1
847,6234136,0,1
848,6176509,5,1
849,6176190,5,1
850,6235612,9,1
851,6236440,9,1
852,6176357,5,1
853,6236744,9,1
854,6225075,9,1
855,6191438,9,1
856,6176635,5,1
857,6174155,17,1
858,6238423,12,1
859,6238851,8,1
860,6239287,9,1
861,6238712,7,1
862,6239417,7,1
863,6239612,9,1
864,6238851,0,1
865,6239647,9,1
866,6235855,12,1
867,6239719,7,1
868,6148771,9,1
869,6234772,12,1
870,6178158,17,1
871,6237421,8,1
872,6215480,9,1
873,6240518,9,1
874,6217108,0,1
875,6184188,9,1
876,6239867,0,1
877,6240743,9,1
878,6239079,7,1
879,6240960,9,1
880,6175359,17,1
881,6176108,5,1
882,6205458,7,1
883,6240304,10,1
884,6240467,7,1
885,6241282,9,1
886,6241442,9,1
887,6238851,1,1
888,6241595,0,1
889,6237764,9,1
890,6238851,2,1
891,6177517,12,1
892,6240954,9,1
893,6242063,7,1
894,6210420,7,1
895,6179240,7,1
896,6240924,9,1
897,6173886,12,1
898,6242322,6,1
899,6238851,0,1
900,6232022,6,1
901,6241729,9,1
902,6180792,5,1
903,6179547,17,1
904,6242740,7,1
905,6241056,12,1
906,6242921,9,1
907,6165966,9,1
908,6200862,9,1
909,6240630,12,1
910,6180266,17,1
911,6207702,9,1
912,6243696,7,1
913,6228722,14,1
914,6236071,7,1
915,6240304,0,1
916,6244135,9,1
917,6180153,0,1
918,6244134,7,1
919,6244167,9,1
920,6244324,7,1
921,6242650,9,1
922,6241408,9,1
923,6230779,14,1
924,6244724,7,1
925,6211053,0,1
926,6165667,5,1
927,6182038,17,1
928,6224997,7,1
929,6245587,9,1
930,6184648,5,1
931,6182174,17,1
932,6245710,9,1
933,6246498,7,1
934,6241736,7,1
935,6245712,12,1
936,6224412,8,1
937,6245382,5,1
938,6246957,7,1
939,6164508,7,1
940,6247062,9,1
941,6182370,5,1
942,6246049,0,1
943,6183938,5,1
944,6242786,9,1
945,6247147,12,1
946,6247580,7,1
947,6247807,8,1
948,6247803,9,1
949,6222927,6,1
950,6184936,17,1
951,6240705,9,1
952,6239114,5,1
953,6186954,5,1
954,6182192,5,1
955,6247322,9,1
956,6248796,9,1
957,6188526,5,1
958,6187769,17,1
959,6188397,5,1
960,6170157,5,1
961,6249677,12,1
962,6249733,12,1
963,6188785,17,1
964,6184483,5,1
965,6224739,7,1
966,6244914,12,1
967,6191780,9,1
968,6249224,9,1
969,6246786,5,1
970,6185471,5,1
971,6250292,9,1
972,6250314,9,1
973,6224739,0,1
974,6204537,7,1
975,6189651,5,1
976,6187574,17,1
977,6187814,5,1
978,6190210,5,1
979,6190511,5,1
980,6251431,9,1
981,6191266,5,1
982,6241872,8,1
983,6208461,12,1
984,6249161,12,1
985,6245765,7,1
986,6248226,9,1
987,6251990,7,1
988,6252503,9,1
989,6233332,8,1
990,6189705,5,1
991,6249733,0,1
992,6253175,9,1
993,6249644,0,1
994,6209191,9,1
995,6253473,9,1
996,6253503,7,1
997,6253544,9,1
998,6253509,7,1
999,6240389,8,1
1000,6246619,17,1
1001,6211374,17,1
1002,6191585,5,1
1003,6251466,14,1
1004,6191825,17,1
1005,6254243,9,1
1006,6254286,7,1
1007,6254491,7,1
1008,6186861,5,1
1009,6211691,5,1
1010,6224317,9,1
1011,6254847,7,1
1012,6254741,7,1
1013,6254857,9,1
1014,6254992,17,1
1015,6254663,7,1
1016,6174920,12,1
1017,6255169,7,1
1018,6255185,7,1
1019,6255475,9,1
1020,6193416,17,1
1021,6193459,17,1
1022,6255686,9,1
1023,6255651,12,1
1024,6255786,9,1
1025,3793254,5,1
1026,6238198,7,1
1027,6252123,7,1
1028,6196040,5,1
1029,6255528,7,1
1030,6222912,7,1
1031,6170278,5,1
1032,6255475,0,1
1033,6257319,7,1
1034,6257339,9,1
1035,6252048,8,1
1036,6258114,9,1
1037,6258408,9,1
1038,6245048,12,1
1039,6255459,12,1
1040,6258644,9,1
1041,6224219,9,1
1042,6258906,9,1
1043,6258420,8,1
1044,6211053,0,1
1045,6259167,9,1
1046,6258892,8,1
1047,6259181,9,1
1048,6252691,9,1
1049,6254897,8,1
1050,6259097,12,1
1051,6255973,5,1
1052,6245191,7,1
1053,6259483,7,1
1054,6259581,7,1
1055,6259656,8,1
1056,6196094,5,1
1057,6255475,0,1
1058,6259690,17,1
1059,6198632,5,1
1060,6259352,9,1
1061,6260071,7,1
1062,6168763,5,1
1063,6260642,12,1
1064,6244278,7,1
1065,6260868,7,1
1066,6200344,5,1
1067,6250692,6,1
1068,6260841,12,1
1069,6229024,8,1
1070,6260461,9,1
1071,6262230,7,1
1072,6260534,12,1
1073,6253613,9,1
1074,6256555,7,1
1075,6202046,5,1
1076,6202123,5,1
1077,6262536,9,1
1078,6199552,12,1
1079,6262657,6,1
1080,6202240,5,1
1081,6202728,5,1
1082,6262630,8,1
1083,6167991,5,1
1084,6260562,8,1
1085,6262882,8,1
1086,6203383,5,1
1087,6186027,5,1
1088,6204007,5,1
1089,6263131,7,1
1090,6204979,5,1
1091,6205360,5,1
1092,6263714,9,1
1093,6205082,17,1
1094,6203443,5,1
1095,6259950,7,1
1096,6254756,9,1
1097,6263178,8,1
1098,6256097,12,1
1099,6264275,8,1
1100,6202642,5,1
1101,6255010,8,1
1102,6207264,17,1
1103,6261328,8,1
1104,6263422,12,1
1105,6190971,9,1
1106,6253829,8,1
1107,6201382,17,1
1108,6203265,17,1
1109,6164792,9,1
1110,6208457,5,1
1111,6204480,17,1
1112,6209198,5,1
1113,6265208,9,1
1114,6209336,5,1
1115,6209556,5,1
1116,6205784,17,1
1117,6204572,7,1
1118,6209638,5,1
1119,6210155,5,1
1120,6244322,7,1
1121,6246001,7,1
1122,6245179,12,1
1123,6263430,9,1
1124,6266024,14,1
1125,6261362,8,1
1126,6266007,0,1
1127,6263673,12,1
1128,6265759,1,1
1129,6205089,5,1
1130,6211528,5,1
1131,6266451,9,1
1132,6266404,12,1
1133,6266269,9,1
1134,6266520,0,1
1135,6266520,9,1
1136,6219933,9,1
1137,6239141,8,1
1138,6266693,14,1
1139,6266767,17,1
1140,6213339,5,1
1141,6266989,17,1
1142,6207486,17,1
1143,6213356,17,1
1144,6209362,5,1
1145,6207542,17,1
1146,6261310,5,1
1147,6265696,9,1
1148,6211828,5,1
1149,6205631,5,1
1150,6208304,5,1
1151,6212915,5,1
1152,6267995,9,1
1153,6262456,17,1
1154,6206301,7,1
1155,6263860,9,1
1156,6268122,17,1
1157,6214067,5,1
1158,6267807,9,1
1159,6268390,17,1
1160,6151944,5,1
1161,6150881,5,1
1162,6215745,5,1
1163,6205445,17,1
1164,6268644,9,1
1165,6228064,17,1
1166,6261923,8,1
1167,6203488,17,1
1168,6268756,17,1
1169,6207207,7,1
1170,6268849,17,1
1171,6203636,7,1
1172,6190876,9,1
1173,6227747,9,1
1174,6215141,9,1
1175,6216115,9,1
1176,6152634,5,1
1177,6253935,9,1
1178,6216988,16,1
1179,6212940,7,1
1180,6210552,7,1
1181,6266860,17,1
1182,6218769,9,1
1183,6215301,12,1
1184,6208135,17,1
1185,6218379,7,1
1186,6153473,5,1
1187,6270506,12,1
1188,6270221,17,1
1189,6270589,5,1
1190,6251795,17,1
1191,6242899,9,1
1192,6270560,9,1
1193,6217791,9,1
1194,6267103,9,1
1195,6270945,9,1
1196,6205444,9,1
1197,6219697,9,1
1198,6266131,0,1
1199,6270889,9,1
1200,6264876,9,1
1201,6271510,12,1
1202,6271071,12,1
1203,6271503,9,1
1204,6155796,5,1
1205,6271875,9,1
1206,6207831,7,1
1207,6272014,12,1
1208,6220857,7,1
1209,6266429,17,1
1210,6271974,17,1
1211,6272838,9,1
1212,6268078,17,1
1213,6273388,12,1
1214,6273628,9,1
1215,6274072,9,1
1216,6251389,12,1
1217,6273102,17,1
1218,6274849,9,1
1219,6274922,9,1
1220,6275324,9,1
1221,6222209,7,1
1222,6275535,9,1
1223,6222870,7,1
1224,6276214,9,1
1225,6276167,5,1
1226,6204137,17,1
1227,6275691,17,1
1228,6275310,9,1
1229,6268236,17,1
1230,6268729,12,1
1231,6276874,9,1
1232,6276196,17,1
1233,6276992,14,1
1234,6158890,5,1
1235,6276351,0,1
1236,6233308,9,1
1237,6275707,5,1
1238,6274385,12,1
1239,6274072,0,1
1240,6213079,9,1
1241,6159515,5,1
1242,6276320,9,1
1243,6271891,17,1
1244,6275912,9,1
1245,6149733,12,1
1246,6277915,12,1
1247,6275396,12,1
1248,6274780,9,1
1249,6277179,9,1
1250,6215778,12,1
1251,6278634,9,1
1252,6278791,9,1
1253,6271633,17,1
1254,6157606,5,1
1255,6160008,5,1
1256,6160293,5,1
1257,6199988,9,1
1258,6277407,9,1
1259,6279550,9,1
1260,6221195,7,1
1261,6225567,7,1
1262,6279219,9,1
1263,6279570,0,1
1264,6207777,9,1
1265,6277976,5,1
1266,6224690,9,1
1267,6274134,5,1
1268,6194981,5,1
1269,6275564,13,1
1270,6278726,5,1
1271,6279404,17,1
1272,6162458,5,1
1273,6278780,0,1
1274,6161492,17,1
1275,6280526,5,1
1276,6278237,9,1
1277,6163002,5,1
1278,6186691,5,1
1279,6276751,0,1
1280,6281062,5,1
1281,6268090,16,1
1282,6281046,17,1
1283,6227059,9,1
1284,6281077,5,1
1285,6150290,5,1
1286,6280782,5,1
1287,6275066,5,1
1288,6274666,17,1
1289,6282171,5,1
1290,6282225,5,1
1291,6282207,5,1
1292,6211883,7,1
1293,6282409,5,1
1294,6280904,5,1
1295,6160965,17,1
1296,6224130,9,1
1297,6226743,7,1
1298,6282110,0,1
1299,6228600,9,1
1300,6283423,17,1
1301,6227302,9,1
1302,6281426,5,1
1303,6283711,17,1
1304,6217982,9,1
1305,6228298,5,1
1306,6283767,5,1
1307,6262304,5,1
1308,3289765,14,1
1309,6277353,17,1
1310,6283645,5,1
1311,6182819,9,1
1312,6230021,5,1
1313,6174956,5,1
1314,6285093,5,1
1315,6285100,5,1
1316,6280792,17,1
1317,6285336,5,1
1318,6285490,5,1
1319,6246953,5,1
1320,6285616,5,1
1321,6228864,7,1
1322,6279945,17,1
1323,6205925,9,1
1324,6286187,5,1
1325,6286821,5,1
1326,6286079,15,1
1327,6229456,7,1
1328,6244646,5,1
1329,6287217,17,1
1330,6231122,9,1
1331,6286129,5,1
1332,6287475,5,1
1333,6177690,9,1
1334,6286762,17,1
1335,6287152,5,1
1336,6287850,5,1
1337,6231092,9,1
1338,6231387,9,1
1339,6188526,5,1
1340,6188694,5,1
1341,6184951,17,1
1342,6188336,5,1
1343,6189159,5,1
1344,6184483,5,1
1345,6185208,5,1
1346,6188661,5,1
1347,6189373,17,1
1348,6189481,5,1
1349,6189651,5,1
1350,6189491,17,1
1351,6189851,2,1
1352,6185471,5,1
1353,6187814,5,1
1354,6181961,5,1
1355,6189888,5,1
1356,6184535,11,1
1357,6188328,5,1
1358,6188311,5,1
1359,6190874,17,1
1360,6175040,17,1
1361,6149179,5,1
1362,6191051,5,1
1363,6171918,5,1
1364,6191266,5,1
1365,6191009,13,1
1366,6189329,5,1
1367,6186851,5,1
1368,6191303,17,1
1369,6191792,5,1
1370,6191675,17,1
1371,6176357,0,1
1372,6191825,17,1
1373,6188714,5,1
1374,6191653,17,1
1375,6192319,5,1
1376,6192463,17,1
1377,6188840,17,1
1378,6192551,5,1
1379,6191585,5,1
1380,6193416,17,1
1381,6192637,5,1
1382,6191758,0,1
1383,6192718,5,1
1384,6193690,5,1
1385,6189673,5,1
1386,6186861,5,1
1387,6194356,5,1
1388,6194232,5,1
1389,6180465,5,1
1390,6194684,5,1
1391,6193110,17,1
1392,6193690,0,1
1393,6193459,17,1
1394,6193813,5,1
1395,6195082,5,1
1396,6191354,17,1
1397,6196040,5,1
1398,6156493,5,1
1399,6196679,17,1
1400,6188387,5,1
1401,6196771,5,1
1402,6197636,5,1
1403,6196094,5,1
1404,6198632,5,1
1405,6198934,5,1
1406,6199193,17,1
1407,6186452,5,1
1408,6199422,13,1
1409,6199923,5,1
1410,6281929,5,1
1411,6222857,9,1
1412,6233418,7,1
1413,6155049,5,1
1414,6172403,5,1
1415,6191959,9,1
1416,6217980,17,1
1417,6289019,17,1
1418,6234740,9,1
1419,6170164,5,1
1420,6289427,5,1
1421,6289431,5,1
1422,6173553,17,1
1423,6231377,9,1
1424,6260590,5,1
1425,6288420,5,1
1426,6290195,5,1
1427,6171514,5,1
1428,6290443,5,1
1429,6288758,0,1
1430,6289596,5,1
1431,6290355,17,1
1432,6171734,5,1
1433,6290675,5,1
1434,6172212,17,1
1435,6255639,5,1
1436,6173154,5,1
1437,6175109,5,1
1438,6282070,17,1
1439,6236977,9,1
1440,6234344,7,1
1441,6150777,7,1
1442,6289876,5,1
1443,6231559,17,1
1444,6166746,5,1
1445,6234136,5,1
1446,6235612,9,1
1447,6291178,5,1
1448,6291705,5,1
1449,6287267,5,1
1450,6291768,5,1
1451,6291892,5,1
1452,6290376,0,1
1453,6195881,5,1
1454,6156065,5,1
1455,6176509,5,1
1456,6237985,9,1
1457,6292033,17,1
1458,6211377,5,1
1459,6277157,5,1
1460,6292068,5,1
1461,6176357,5,1
1462,6292883,17,1
1463,6199742,5,1
1464,6238712,7,1
1465,6291819,0,1
1466,6270464,17,1
1467,6272462,17,1
1468,6291661,5,1
1469,6292277,17,1
1470,6285754,5,1
1471,6293739,17,1
1472,6293761,5,1
1473,6167874,5,1
1474,6294007,5,1
1475,6155949,5,1
1476,6238969,9,1
1477,6241282,9,1
1478,6246162,7,1
1479,6294574,5,1
1480,6294637,5,1
1481,6185633,16,1
1482,6198963,17,1
1483,6200671,5,1
1484,6200929,17,1
1485,6201043,17,1
1486,6200896,11,1
1487,6202109,5,1
1488,6202123,5,1
1489,6201035,5,1
1490,6202634,5,1
1491,6196760,5,1
1492,6203265,17,1
1493,6203649,5,1
1494,6203472,5,1
1495,6203175,17,1
1496,6200187,0,1
1497,6203481,17,1
1498,6204007,0,1
1499,6204279,5,1
1500,6204480,17,1
1501,6204488,5,1
1502,6204744,17,1
1503,6205082,17,1
1504,6204117,5,1
1505,6200264,17,1
1506,6205360,5,1
1507,6205442,5,1
1508,6197112,5,1
1509,6205274,17,1
1510,6204921,5,1
1511,6205784,17,1
1512,6205920,5,1
1513,6206103,5,1
1514,6203145,17,1
1515,6203067,5,1
1516,6202642,5,1
1517,6172065,17,1
1518,6207264,17,1
1519,6204896,0,1
1520,6204795,5,1
1521,6191152,17,1
1522,6208701,17,1
1523,6203812,5,1
1524,6209104,5,1
1525,6205768,11,1
1526,6209167,17,1
1527,6208545,17,1
1528,6203023,13,1
1529,6209403,17,1
1530,6209556,5,1
1531,6205109,17,1
1532,6207053,0,1
1533,6209799,0,1
1534,6207315,5,1
1535,6210221,5,1
1536,6208886,15,1
1537,6210900,5,1
1538,6208271,5,1
1539,6207113,5,1
1540,6163046,5,1
1541,6205089,5,1
1542,6211676,5,1
1543,6207001,17,1
1544,6203530,5,1
1545,6211733,17,1
1546,6162042,17,1
1547,6212096,5,1
1548,6204459,17,1
1549,6211942,17,1
1550,6212533,17,1
1551,6212507,17,1
1552,6212081,16,1
1553,6210908,17,1
1554,6211583,5,1
1555,6212836,17,1
1556,6205713,5,1
1557,6213356,17,1
1558,6213606,7,1
1559,6205800,5,1
1560,6204719,7,1
1561,6213889,7,1
1562,6209000,7,1
1563,6212427,7,1
1564,6205631,5,1
1565,6208304,5,1
1566,6212276,6,1
1567,6212915,5,1
1568,6211828,5,1
1569,6204315,6,1
1570,6214743,7,1
1571,6200854,5,1
1572,6212940,7,1
1573,6214605,5,1
1574,6205745,8,1
1575,6211039,5,1
1576,6213693,5,1
1577,6151944,5,1
1578,6153935,5,1
1579,6215745,5,1
1580,6214317,5,1
1581,6210030,17,1
1582,6208251,7,1
1583,6203636,7,1
1584,6190876,9,1
1585,6211824,14,1
1586,6216456,8,1
1587,6151910,5,1
1588,6216098,12,1
1589,6216392,9,1
1590,6208004,9,1
1591,6210129,7,1
1592,6216115,9,1
1593,6217108,6,1
1594,6217485,9,1
1595,6214079,9,1
1596,6205558,12,1
1597,6217717,17,1
1598,6152634,5,1
1599,6209095,9,1
1600,6215538,9,1
1601,6167435,12,1
1602,6149487,17,1
1603,6149386,17,1
1604,6216852,7,1
1605,6159474,8,1
1606,6217483,9,1
1607,6218016,6,1
1608,6204644,9,1
1609,6187191,8,1
1610,6207831,7,1
1611,6218769,9,1
1612,6214152,9,1
1613,6219116,5,1
1614,6212210,7,1
1615,6205444,9,1
1616,6215400,14,1
1617,6219697,9,1
1618,6218776,12,1
1619,6219711,12,1
1620,6152401,5,1
1621,6215960,9,1
1622,6291952,17,1
1623,6294973,5,1
1624,6295006,17,1
1625,6295123,17,1
1626,6292427,13,1
1627,6200862,9,1
1628,6293892,17,1
1629,6284828,11,1
1630,6290262,5,1
1631,6290616,17,1
1632,6295539,5,1
1633,6180792,5,1
1634,6295564,5,1
1635,6179240,7,1
1636,6181383,17,1
1637,6242392,9,1
1638,6219957,5,1
1639,6295994,5,1
1640,6296078,5,1
1641,6295555,17,1
1642,6236680,9,1
1643,6211777,5,1
1644,6296648,11,1
1645,6296715,17,1
1646,6229362,5,1
1647,6296607,17,1
1648,6216736,17,1
1649,6296932,17,1
1650,6296947,11,1
1651,6296598,17,1
1652,6296199,0,1
1653,6234752,9,1
1654,6242059,17,1
1655,6297165,5,1
1656,6286878,17,1
1657,6293390,5,1
1658,6294852,17,1
1659,6246191,9,1
1660,6180153,17,1
1661,6244134,7,1
1662,6182762,17,1
1663,6182038,17,1
1664,6244324,7,1
1665,6244673,7,1
1666,6245736,15,1
1667,6299054,5,1
1668,6184648,5,1
1669,6184648,5,1
1670,6165667,5,1
1671,6174453,5,1
1672,6174453,5,1
1673,6245116,9,1
1674,6239734,9,1
1675,6242769,9,1
1676,6242769,9,1
1677,6299222,5,1
1678,6298874,5,1
1679,6261591,5,1
1680,6298059,5,1
1681,6295206,5,1
1682,6300090,5,1
1683,6300003,0,1
1684,6300140,5,1
1685,6247062,9,1
1686,6186380,5,1
1687,6170150,17,1
1688,6246616,7,1
1689,6272854,5,1
1690,6247803,9,1
1691,6294805,17,1
1692,6220124,14,1
1693,6220259,9,1
1694,6210443,9,1
1695,6153514,5,1
1696,6216694,12,1
1697,6220343,9,1
1698,6155068,5,1
1699,6220733,12,1
1700,6203850,9,1
1701,6155796,5,1
1702,6204686,7,1
1703,6153466,17,1
1704,6220949,9,1
1705,6203834,17,1
1706,6209413,14,1
1707,6206839,12,1
1708,6219058,9,1
1709,6167677,12,1
1710,6209072,9,1
1711,6190097,9,1
1712,6218063,9,1
1713,6210798,12,1
1714,6192631,9,1
1715,6221809,9,1
1716,6220272,9,1
1717,6204378,0,1
1718,6218704,9,1
1719,6221001,9,1
1720,6222357,9,1
1721,6199502,7,1
1722,6157463,5,1
1723,6206611,9,1
1724,6222434,9,1
1725,6221837,6,1
1726,6221673,9,1
1727,6222870,7,1
1728,6222885,0,1
1729,6152796,17,1
1730,6156944,5,1
1731,6223061,7,1
1732,6149073,17,1
1733,6158975,5,1
1734,6223630,14,1
1735,6204760,12,1
1736,6223885,7,1
1737,6159515,5,1
1738,6224062,7,1
1739,6223975,9,1
1740,6224094,9,1
1741,6205373,6,1
1742,6217158,9,1
1743,6218538,12,1
1744,6192884,8,1
1745,6170263,9,1
1746,6224703,12,1
1747,6206976,8,1
1748,6219459,7,1
1749,6157606,5,1
1750,6160293,5,1
1751,6199988,9,1
1752,6225193,7,1
1753,6150561,17,1
1754,6223704,12,1
1755,6213465,8,1
1756,6221195,7,1
1757,6204880,5,1
1758,6225191,5,1
1759,6168003,12,1
1760,6158687,17,1
1761,6162055,5,1
1762,6300833,5,1
1763,6247322,9,1
1764,6300972,5,1
1765,6299893,5,1
1766,6233936,17,1
1767,6299400,5,1
1768,6299871,17,1
1769,6286490,17,1
1770,6299429,17,1
1771,6246957,7,1
1772,6285325,17,1
1773,6248796,9,1
1774,6302075,5,1
1775,6186139,17,1
1776,6170771,5,1
1777,6188694,5,1
1778,6300658,5,1
1779,6247811,7,1
1780,6249644,7,1
1781,6302600,5,1
1782,6299474,17,1
1783,6299407,0,1
1784,6296000,16,1
1785,6302675,17,1
1786,6250292,9,1
1787,6189651,5,1
1788,6298874,0,1
1789,6291976,5,1
1790,6303225,17,1
1791,6187574,17,1
1792,6230484,5,1
1793,6303409,17,1
1794,6302067,5,1
1795,6187814,5,1
1796,6295320,5,1
1797,6303741,17,1
1798,6204537,7,1
1799,6303770,17,1
1800,6190511,5,1
1801,6301857,17,1
1802,6303854,17,1
1803,6298995,17,1
1804,6284721,0,1
1805,6284721,5,1
1806,6298881,17,1
1807,6304560,17,1
1808,6224739,7,1
1809,6304650,5,1
1810,6248226,9,1
1811,6303774,5,1
1812,6299999,17,1
1813,6279244,17,1
1814,6189373,17,1
1815,6300003,0,1
1816,6251734,9,1
1817,6304358,5,1
1818,6295695,17,1
1819,6303673,5,1
1820,6301751,15,1
1821,6245765,7,1
1822,6245951,5,1
1823,6305610,5,1
1824,6305840,17,1
1825,6207566,5,1
1826,6297161,17,1
1827,6238683,5,1
1828,6246438,5,1
1829,6192551,5,1
1830,6305613,5,1
1831,6224726,17,1
1832,6220402,9,1
1833,6156187,5,1
1834,6203957,9,1
1835,6223576,9,1
1836,6226532,12,1
1837,6225773,12,1
1838,6188289,9,1
1839,6204679,7,1
1840,6223873,8,1
1841,6222804,9,1
1842,6223942,9,1
1843,6215141,0,1
1844,6208598,7,1
1845,6227957,9,1
1846,6160965,17,1
1847,6228272,9,1
1848,6224130,9,1
1849,6164548,5,1
1850,6163632,17,1
1851,6228744,17,1
1852,6156840,17,1
1853,6163185,17,1
1854,6224644,9,1
1855,6228084,7,1
1856,6228984,5,1
1857,6193617,8,1
1858,6163905,17,1
1859,6228864,7,1
1860,6228507,12,1
1861,6149464,5,1
1862,6220208,8,1
1863,6229187,9,1
1864,6229753,9,1
1865,6223250,8,1
1866,6167066,5,1
1867,6229456,7,1
1868,6229233,9,1
1869,6227789,9,1
1870,6229834,9,1
1871,6225898,7,1
1872,6230489,7,1
1873,6229331,14,1
1874,6229329,9,1
1875,6174956,5,1
1876,6167874,5,1
1877,6230725,9,1
1878,6162445,7,1
1879,6230959,17,1
1880,6217240,9,1
1881,6230382,7,1
1882,6228522,9,1
1883,6229331,0,1
1884,6231239,9,1
1885,6203955,12,1
1886,6164118,17,1
1887,6230754,12,1
1888,6231122,9,1
1889,6232217,12,1
1890,6191355,9,1
1891,6230824,9,1
1892,6232412,6,1
1893,6164124,17,1
1894,6169679,17,1
1895,6166521,17,1
1896,6232996,14,1
1897,6231092,9,1
1898,6231387,9,1
1899,6233401,17,1
1900,6167754,12,1
1901,6207278,7,1
1902,6306188,5,1
1903,6253544,9,1
1904,6304457,17,1
1905,6306453,17,1
1906,6304970,17,1
1907,6187093,9,1
1908,6303547,17,1
1909,6191825,17,1
1910,6254225,9,1
1911,6306338,5,1
1912,6254286,7,1
1913,6189673,5,1
1914,6299065,17,1
1915,6194356,5,1
1916,6211691,5,1
1917,6296062,17,1
1918,6307685,5,1
1919,6201592,17,1
1920,6306644,5,1
1921,6308201,5,1
1922,6301582,17,1
1923,6301998,17,1
1924,6253503,7,1
1925,6254663,7,1
1926,6255475,9,1
1927,6308513,5,1
1928,6309060,17,1
1929,6307399,5,1
1930,6255560,17,1
1931,6308037,17,1
1932,6307811,16,1
1933,6309563,5,1
1934,6283861,17,1
1935,6267443,5,1
1936,6308904,16,1
1937,6196040,5,1
1938,6307892,0,1
1939,6188351,17,1
1940,6308957,5,1
1941,6308739,17,1
1942,6310167,17,1
1943,6257612,9,1
1944,6310691,5,1
1945,6257615,7,1
1946,6311015,5,1
1947,6309757,17,1
1948,6309851,5,1
1949,3793254,5,1
1950,6302433,5,1
1951,6309063,5,1
1952,6309745,0,1
1953,6238198,17,1
1954,6311553,5,1
1955,6256230,7,1
1956,6311615,17,1
1957,6300986,5,1
1958,6312093,5,1
1959,6312225,5,1
1960,6308282,5,1
1961,6312077,17,1
1962,6245191,7,1
1963,6198632,5,1
1964,6151715,5,1
1965,6311236,17,1
1966,6313028,5,1
1967,6156020,9,1
1968,6190137,5,1
1969,6312403,17,1
1970,6313497,5,1
1971,6260868,7,1
1972,6231691,7,1
1973,6234003,12,1
1974,6170164,5,1
1975,6234186,12,1
1976,6191657,5,1
1977,6172403,5,1
1978,4478184,9,1
1979,6188361,7,1
1980,6234740,0,1
1981,6155110,5,1
1982,6234897,9,1
1983,6198672,12,1
1984,6235042,12,1
1985,6171153,17,1
1986,6198324,7,1
1987,6189810,6,1
1988,6173896,5,1
1989,6231377,9,1
1990,6235806,9,1
1991,6235851,12,1
1992,6235798,8,1
1993,6171514,5,1
1994,6235914,9,1
1995,6174460,17,1
1996,6228328,12,1
1997,6236249,7,1
1998,6236342,9,1
1999,6172212,17,1
2000,6227910,9,1
2001,6236433,9,1
2002,6171734,5,1
2003,6236977,9,1
2004,6236944,9,1
2005,6237026,7,1
2006,6236752,7,1
2007,6170117,5,1
2008,6237511,9,1
2009,6169675,5,1
2010,6237681,7,1
2011,6232261,5,1
2012,6237759,5,1
2013,6238052,9,1
2014,6230410,12,1
2015,6175454,5,1
2016,6236111,12,1
2017,6236762,9,1
2018,6226417,7,1
2019,6149539,17,1
2020,6238825,7,1
2021,6211377,5,1
2022,6180238,9,1
2023,6238851,3,1
2024,6237536,0,1
2025,6237536,9,1
2026,6199742,5,1
2027,6230037,7,1
2028,6216021,5,1
2029,6238851,0,1
2030,6238012,9,1
2031,6238851,0,1
2032,6239867,8,1
2033,6239863,17,1
2034,6238318,12,1
2035,6234752,9,1
2036,6237691,12,1
2037,6238504,5,1
2038,6204997,9,1
2039,6235897,7,1
2040,6215581,12,1
2041,6239718,7,1
2042,6306848,5,1
2043,6312224,5,1
2044,6220580,5,1
2045,6200344,5,1
2046,6290118,17,1
2047,6314176,5,1
2048,6314257,5,1
2049,6314118,17,1
2050,6303115,17,1
2051,6173066,9,1
2052,6189151,15,1
2053,6314980,5,1
2054,6314945,5,1
2055,6205516,5,1
2056,6201035,5,1
2057,6218229,5,1
2058,6314210,0,1
2059,6312948,11,1
2060,6303087,5,1
2061,6244278,7,1
2062,6202634,5,1
2063,6298955,2,1
2064,6167991,5,1
2065,6309751,5,1
2066,6204979,5,1
2067,6316076,0,1
2068,6204327,5,1
2069,6299083,5,1
2070,6316217,5,1
2071,6263131,7,1
2072,6316899,17,1
2073,6313770,5,1
2074,6315647,5,1
2075,6314984,5,1
2076,6164792,9,1
2077,6265208,9,1
2078,6209336,5,1
2079,6209556,5,1
2080,6318445,5,1
2081,6244322,7,1
2082,6246001,7,1
2083,6318850,5,1
2084,6180712,5,1
2085,6264222,17,1
2086,6318974,11,1
2087,6207113,5,1
2088,6319447,5,1
2089,6295216,5,1
2090,6236230,9,1
2091,6203530,5,1
2092,6266989,17,1
2093,6319956,16,1
2094,6320211,5,1
2095,6265696,9,1
2096,6319335,17,1
2097,6266978,9,1
2098,6321128,5,1
2099,6318403,17,1
2100,6315709,17,1
2101,6322111,5,1
2102,6301499,5,1
2103,6322271,5,1
2104,6322116,5,1
2105,6321745,5,1
2106,6285958,17,1
2107,6322718,5,1
2108,6320836,5,1
2109,6293636,17,1
2110,6267688,9,1
2111,6316965,5,1
2112,6322992,5,1
2113,6229734,12,1
2114,6238417,9,1
2115,6237095,9,1
2116,6232091,7,1
2117,6236332,5,1
2118,6236680,9,1
2119,6238969,9,1
2120,6241360,7,1
2121,6181751,8,1
2122,6179692,5,1
2123,6165626,5,1
2124,6241489,9,1
2125,6178415,5,1
2126,6197348,5,1
2127,6240306,9,1
2128,6242119,6,1
2129,6238517,7,1
2130,6178813,5,1
2131,6235320,14,1
2132,6181383,17,1
2133,6243568,12,1
2134,6242392,9,1
2135,6210937,7,1
2136,6243696,0,1
2137,6236769,9,1
2138,6180153,17,1
2139,6241806,9,1
2140,6244440,14,1
2141,6243065,12,1
2142,6242045,6,1
2143,6179225,5,1
2144,6244673,7,1
2145,6171626,17,1
2146,6182919,17,1
2147,6245116,9,1
2148,6239734,9,1
2149,6221009,7,1
2150,6245661,7,1
2151,6242769,9,1
2152,6204783,9,1
2153,6238643,5,1
2154,6245922,9,1
2155,6174453,5,1
2156,6246191,9,1
2157,6182762,17,1
2158,6184736,17,1
2159,6153101,9,1
2160,6246616,7,1
2161,6170150,17,1
2162,6246690,9,1
2163,6185073,5,1
2164,6246474,9,1
2165,6192956,9,1
2166,6178931,5,1
2167,6169956,9,1
2168,6184559,5,1
2169,6186380,5,1
2170,6247811,7,1
2171,6246105,9,1
2172,6248209,9,1
2173,6244997,9,1
2174,6170771,5,1
2175,6248838,9,1
2176,6188694,5,1
2177,6246725,9,1
2178,6249644,7,1
2179,6249705,12,1
2180,6249718,12,1
2181,6172897,9,1
2182,6249757,7,1
2183,6249971,7,1
2184,6180414,17,1
2185,6249644,0,1
2186,6177454,17,1
2187,6198368,8,1
2188,6189277,17,1
2189,6249733,0,1
2190,6240666,14,1
2191,6189491,17,1
2192,6238034,9,1
2193,6226645,8,1
2194,6189914,17,1
2195,6251155,9,1
2196,6149179,5,1
2197,6186275,5,1
2198,6191308,5,1
2199,6186851,5,1
2200,6251734,9,1
2201,6189373,17,1
2202,6203727,8,1
2203,6224739,0,1
2204,6250893,9,1
2205,6190375,5,1
2206,6213608,12,1
2207,6192890,5,1
2208,6253013,9,1
2209,6191653,17,1
2210,6253111,0,1
2211,6207471,12,1
2212,6252367,12,1
2213,6192551,5,1
2214,6253035,8,1
2215,6250893,0,1
2216,6253077,7,1
2217,6253594,9,1
2218,6248263,7,1
2219,6187093,9,1
2220,6186617,17,1
2221,6254225,9,1
2222,6254243,0,1
2223,6189673,5,1
2224,6254416,7,1
2225,6253684,5,1
2226,6248728,9,1
2227,6194356,5,1
2228,6254800,7,1
2229,6232086,12,1
2230,6194684,5,1
2231,6254776,9,1
2232,6193813,5,1
2233,6254401,0,1
2234,6254909,9,1
2235,6218408,12,1
2236,6255475,0,1
2237,6253957,9,1
2238,6254570,8,1
2239,6194667,17,1
2240,6217805,7,1
2241,6255560,17,1
2242,6253761,7,1
2243,6255819,9,1
2244,6256179,9,1
2245,6256144,9,1
2246,6256230,7,1
2247,6256244,12,1
2248,6256616,9,1
2249,6256230,0,1
2250,6257612,9,1
2251,6257615,7,1
2252,6257722,6,1
2253,6195265,17,1
2254,6255475,0,1
2255,6256939,9,1
2256,6197167,5,1
2257,6251798,12,1
2258,6192160,17,1
2259,6192160,17,1
2260,6239314,9,1
2261,6258505,7,1
2262,6257194,9,1
2263,6258668,7,1
2264,6257487,9,1
2265,6256736,9,1
2266,6259070,8,1
2267,6259005,9,1
2268,6256527,8,1
2269,6259231,7,1
2270,6259540,12,1
2271,6259227,8,1
2272,6259540,0,1
2273,6195607,6,1
2274,6255475,0,1
2275,6258792,9,1
2276,6259970,8,1
2277,6260015,7,1
2278,6259413,12,1
2279,6245769,7,1
2280,6260552,12,1
2281,6260622,9,1
2282,6260579,8,1
2283,6156020,9,1
2284,6255877,17,1
2285,6260894,14,1
2286,6259320,8,1
2287,6224238,7,1
2288,6197887,17,1
2289,6258783,7,1
2290,6260112,8,1
2291,6261202,8,1
2292,6189250,5,1
2293,6261493,12,1
2294,6220517,9,1
2295,6250202,9,1
2296,6198963,17,1
2297,6201043,17,1
2298,6173066,9,1
2299,6262186,7,1
2300,6262403,7,1
2301,6202109,5,1
2302,6212898,8,1
2303,6151907,7,1
2304,6262765,9,1
2305,6201035,5,1
2306,6262889,9,1
2307,6241935,5,1
2308,6258623,4,1
2309,6202634,5,1
2310,6258976,7,1
2311,6262351,9,1
2312,6261029,7,1
2313,6204327,5,1
2314,6204488,5,1
2315,6260939,12,1
2316,6236850,8,1
2317,6205075,5,1
2318,6263805,7,1
2319,6197112,5,1
2320,6205543,5,1
2321,6206052,5,1
2322,6264161,7,1
2323,6262911,7,1
2324,6264222,17,1
2325,6243395,9,1
2326,6206887,5,1
2327,6206851,5,1
2328,6251223,9,1
2329,6264470,7,1
2330,6216072,9,1
2331,6259965,9,1
2332,6191708,5,1
2333,6207670,17,1
2334,6203346,17,1
2335,6203175,17,1
2336,6265032,9,1
2337,6265055,7,1
2338,6194561,5,1
2339,6265169,9,1
2340,6265282,9,1
2341,6265296,12,1
2342,6260227,5,1
2343,6254788,9,1
2344,6209376,17,1
2345,6249877,7,1
2346,6262089,7,1
2347,6265791,9,1
2348,6209877,5,1
2349,6206443,17,1
2350,6212962,5,1
2351,6265759,8,1
2352,6206956,5,1
2353,6265917,12,1
2354,6207619,9,1
2355,6207113,5,1
2356,6199628,17,1
2357,6264656,9,1
2358,6236230,9,1
2359,6267018,17,1
2360,6203530,5,1
2361,6209167,17,1
2362,6267166,17,1
2363,6210248,5,1
2364,6264445,9,1
2365,6212514,5,1
2366,6266978,9,1
2367,6212427,7,1
2368,6267688,9,1
2369,6264104,17,1
2370,6203477,5,1
2371,6213950,5,1
2372,6257302,17,1
2373,6263484,9,1
2374,6268388,17,1
2375,6213693,5,1
2376,6268503,9,1
2377,6206624,17,1
2378,6249179,9,1
2379,6260444,9,1
2380,6268686,11,1
2381,6151290,5,1
2382,6204719,7,1
2383,6268767,9,1
2384,6210030,17,1
2385,6210448,9,1
2386,6171738,12,1
2387,6266887,9,1
2388,6269086,17,1
2389,6151910,5,1
2390,6268314,9,1
2391,6266618,14,1
2392,6268700,9,1
2393,6269156,17,1
2394,6211053,7,1
2395,6262823,9,1
2396,6269479,17,1
2397,6216601,9,1
2398,6217177,9,1
2399,6269671,9,1
2400,6269641,17,1
2401,6229121,7,1
2402,6215538,9,1
2403,6269641,0,1
2404,6269641,0,1
2405,6207752,7,1
2406,6264196,17,1
2407,6270164,16,1
2408,6263226,9,1
2409,6267596,9,1
2410,6246307,9,1
2411,3325662,7,1
2412,6246872,9,1
2413,6208251,7,1
2414,6270175,5,1
2415,6216441,7,1
2416,6152401,5,1
2417,6271065,12,1
2418,6219917,9,1
2419,6216838,7,1
2420,6269048,14,1
2421,6269876,17,1
2422,6266131,9,1
2423,6271487,17,1
2424,6220343,9,1
2425,6192631,9,1
2426,6220949,9,1
2427,6272275,12,1
2428,6270743,17,1
2429,6218816,7,1
2430,6261715,17,1
2431,6272364,17,1
2432,6153549,5,1
2433,6272421,9,1
2434,6264942,15,1
2435,6262327,9,1
2436,6272988,12,1
2437,6270775,9,1
2438,6270597,17,1
2439,6273135,15,1
2440,6269094,5,1
2441,6273385,9,1
2442,6270525,9,1
2443,6273416,12,1
2444,6274389,9,1
2445,6206611,9,1
2446,6274637,9,1
2447,6199502,7,1
2448,6273749,17,1
2449,6222764,9,1
2450,6222756,9,1
2451,6222885,9,1
2452,6266987,12,1
2453,6272369,16,1
2454,6273851,12,1
2455,6265759,0,1
2456,6275576,9,1
2457,6275929,9,1
2458,6276203,17,1
2459,6276466,12,1
2460,6276581,0,1
2461,6202520,9,1
2462,6268318,9,1
2463,6276792,9,1
2464,6274059,17,1
2465,6174842,7,1
2466,6276929,9,1
2467,6276351,12,1
2468,6276426,0,1
2469,6275535,0,1
2470,6277262,14,1
2471,6189387,12,1
2472,6270734,12,1
2473,6277537,17,1
2474,6224094,9,1
2475,6224062,7,1
2476,6275929,0,1
2477,6272400,9,1
2478,6278070,9,1
2479,6277876,9,1
2480,6278291,9,1
2481,6276170,9,1
2482,6278574,17,1
2483,6277177,12,1
2484,6278805,9,1
2485,6278832,0,1
2486,6278843,17,1
2487,6158490,5,1
2488,6278832,9,1
2489,6258245,9,1
2490,6275963,14,1
2491,6278914,17,1
2492,6177906,17,1
2493,6279198,12,1
2494,6274197,12,1
2495,6279354,9,1
2496,6279388,9,1
2497,6274518,5,1
2498,6279960,5,1
2499,6279510,17,1
2500,6257534,5,1
2501,6280378,5,1
2502,6280458,5,1
2503,6278780,17,1
2504,3893506,5,1
2505,6156187,5,1
2506,6203957,9,1
2507,6276083,5,1
2508,6280794,5,1
2509,6278730,9,1
2510,6280823,5,1
2511,6264264,13,1
2512,6279359,5,1
2513,6281433,5,1
2514,6281511,5,1
2515,6278452,17,1
2516,6281864,5,1
2517,6278413,0,1
2518,6208598,7,1
2519,6277959,5,1
2520,6227601,7,1
2521,6282110,5,1
2522,6275405,12,1
2523,6279467,5,1
2524,6241302,17,1
2525,6281636,17,1
2526,6282743,5,1
2527,6282736,5,1
2528,6164548,5,1
2529,3129800,5,1
2530,6251895,17,1
2531,6165644,17,1
2532,6163905,17,1
2533,6282110,0,1
2534,6228984,5,1
2535,6274420,17,1
2536,6228744,17,1
2537,6283744,5,1
2538,6283578,17,1
2539,6260399,5,1
2540,6228241,7,1
2541,6262304,5,1
2542,6284582,5,1
2543,6282922,5,1
2544,6283600,17,1
2545,6229547,9,1
2546,6228221,9,1
2547,6227789,9,1
2548,6165742,17,1
2549,6280361,5,1
2550,6167066,5,1
2551,6285006,5,1
2552,6159698,16,1
2553,6229834,9,1
2554,6268076,5,1
2555,6282308,5,1
2556,6164118,17,1
2557,6271691,5,1
2558,6286164,0,1
2559,6286164,5,1
2560,6286164,0,1
2561,6275320,17,1
2562,6286108,17,1
2563,6284504,17,1
2564,6286821,5,1
2565,6244646,0,1
2566,6286652,5,1
2567,6283839,17,1
2568,6230610,9,1
2569,6286643,5,1
2570,6287324,5,1
2571,6153006,17,1
2572,6227758,9,1
2573,6230489,7,1
2574,6285389,17,1
2575,6286876,5,1
2576,6287861,5,1
2577,4478184,9,1
2578,6288711,5,1
2579,6285616,0,1
2580,6288085,5,1
2581,6285315,17,1
2582,6188311,5,1
2583,6173440,5,1
2584,6155110,5,1
2585,6234897,9,1
2586,6170164,5,1
2587,6268732,5,1
2588,6287340,5,1
2589,6289717,5,1
2590,6269836,5,1
2591,6289812,17,1
2592,6158059,7,1
2593,6289876,0,1
2594,6290031,5,1
2595,6290166,5,1
2596,6172845,5,1
2597,6290389,17,1
2598,6290384,5,1
2599,6155401,5,1
2600,6231691,7,1
2601,6288989,5,1
2602,6277381,5,1
2603,6207339,17,1
2604,6290965,5,1
2605,6291019,5,1
2606,6291035,5,1
2607,6282404,15,1
2608,6291064,16,1
2609,6237140,9,1
2610,6227947,9,1
2611,6236752,7,1
2612,6162348,5,1
2613,6289193,5,1
2614,6211634,17,1
2615,6264173,5,1
2616,6289510,5,1
2617,6169675,5,1
2618,6237556,9,1
2619,6237871,9,1
2620,6176190,5,1
2621,6176635,5,1
2622,6175454,5,1
2623,6291340,5,1
2624,6264949,17,1
2625,6292821,5,1
2626,6292926,17,1
2627,6292990,5,1
2628,6239417,7,1
2629,6239863,17,1
2630,6281717,5,1
2631,6293181,17,1
2632,6293292,17,1
2633,6249880,11,1
2634,6212859,5,1
2635,6293661,17,1
2636,6293938,5,1
2637,6290486,5,1
2638,6282159,5,1
2639,6290376,17,1
2640,6204997,9,1
2641,6215480,9,1
2642,6240960,9,1
2643,6241360,7,1
2644,6294506,5,1
2645,6293841,5,1
2646,6290648,16,1
2647,6270791,17,1
2648,6295226,5,1
2649,6288799,5,1
2650,6240924,9,1
2651,6178813,5,1
2652,6294412,17,1
2653,6210937,7,1
2654,6180266,17,1
2655,6207702,9,1
2656,6296077,5,1
2657,6296010,5,1
2658,6296225,5,1
2659,6293578,17,1
2660,6244167,9,1
2661,6296415,5,1
2662,6296199,0,1
2663,6241806,9,1
2664,6179225,5,1
2665,6179025,5,1
2666,6296806,17,1
2667,6276407,17,1
2668,6296908,5,1
2669,6296939,5,1
2670,6290718,17,1
2671,6296199,2,1
2672,6292338,5,1
2673,6296199,17,1
2674,6293230,17,1
2675,6243696,7,1
2676,6171626,17,1
2677,6224997,7,1
2678,6182174,17,1
2679,6244724,7,1
2680,6165667,5,1
2681,6245116,9,1
2682,6239734,9,1
2683,6212849,17,1
2684,6299343,5,1
2685,6299739,5,1
2686,6298955,17,1
2687,6207179,17,1
2688,6300003,5,1
2689,6299924,5,1
2690,6299407,17,1
2691,6296777,5,1
2692,6300178,17,1
2693,6284936,5,1
2694,6300218,5,1
2695,6182370,5,1
2696,6178931,5,1
2697,6299668,17,1
2698,6221009,7,1
2699,6299655,5,1
2700,6294042,17,1
2701,6300090,0,1
2702,6295466,5,1
2703,6300732,17,1
2704,6298444,17,1
2705,6300918,5,1
2706,6281291,5,1
2707,6298773,5,1
2708,6286009,17,1
2709,6186954,5,1
2710,6301074,17,1
2711,6246498,7,1
2712,6299451,17,1
2713,6240705,9,1
2714,6289410,5,1
2715,6301376,17,1
2716,6301405,17,1
2717,6301619,17,1
2718,6260954,17,1
2719,6188397,5,1
2720,6188526,5,1
2721,6301776,17,1
2722,6302145,17,1
2723,6302511,5,1
2724,6302634,17,1
2725,6284590,5,1
2726,6177454,17,1
2727,6302183,5,1
2728,6184483,5,1
2729,6302956,17,1
2730,6302984,17,1
2731,6217171,5,1
2732,6303430,5,1
2733,6298436,15,1
2734,6302889,5,1
2735,6189914,17,1
2736,6238034,9,1
2737,6303836,5,1
2738,6299942,5,1
2739,6303681,17,1
2740,6292444,17,1
2741,6270617,17,1
2742,6304357,5,1
2743,6191266,5,1
2744,6304658,5,1
2745,6165220,5,1
2746,6304603,5,1
2747,6304797,17,1
2748,6304899,5,1
2749,6304934,5,1
2750,6297647,17,1
2751,6305138,5,1
2752,6305303,5,1
2753,6305349,5,1
2754,6305541,5,1
2755,6304327,17,1
2756,6291287,17,1
2757,6301823,5,1
2758,6305244,5,1
2759,6191653,17,1
2760,6192890,5,1
2761,6298919,17,1
2762,6304603,0,1
2763,6176186,5,1
2764,6209191,9,1
2765,6306390,17,1
2766,6306021,15,1
2767,6305697,0,1
2768,6253509,7,1
2769,6186617,17,1
2770,6306858,5,1
2771,6254243,9,1
2772,6306338,0,1
2773,6303835,5,1
2774,6300063,5,1
2775,6305614,0,1
2776,6186861,5,1
2777,6280898,5,1
2778,6296400,17,1
2779,6194684,5,1
2780,6254857,9,1
2781,6305219,13,1
2782,6308239,17,1
2783,6308403,5,1
2784,6308578,17,1
2785,6194667,17,1
2786,6306968,5,1
2787,6306124,5,1
2788,6217805,7,1
2789,6308644,17,1
2790,2942914,5,1
2791,6308757,17,1
2792,6268977,17,1
2793,6309565,15,1
2794,6283861,0,1
2795,6309745,5,1
2796,6254800,7,1
2797,6309745,0,1
2798,6309128,17,1
2799,6259546,17,1
2800,6224726,0,1
2801,6308802,5,1
2802,6309849,5,1
2803,6310794,5,1
2804,6258408,9,1
2805,6290298,5,1
2806,6305525,5,1
2807,6258644,9,1
2808,6258668,7,1
2809,6257487,9,1
2810,6297586,17,1
2811,6259167,9,1
2812,6196094,5,1
2813,6312237,5,1
2814,6311789,16,1
2815,6306643,17,1
2816,6312402,5,1
2817,6310529,5,1
2818,6304855,17,1
2819,6222912,7,1
2820,6312532,5,1
2821,6151715,0,1
2822,6260071,7,1
2823,6260015,7,1
2824,6312794,11,1
2825,6312888,5,1
2826,6288139,5,1
2827,6312805,17,1
2828,6311363,5,1
2829,6189250,5,1
2830,6314280,5,1
2831,6184726,11,1
2832,6314433,5,1
2833,6250202,9,1
2834,6314033,5,1
2835,6262230,7,1
2836,6202046,5,1
2837,6212924,11,1
2838,6202123,5,1
2839,6202240,5,1
2840,6262536,9,1
2841,6313898,17,1
2842,6315547,5,1
2843,6262889,9,1
2844,6203383,5,1
2845,6315712,5,1
2846,6312013,5,1
2847,6315794,5,1
2848,6314210,0,1
2849,6167102,17,1
2850,6220517,5,1
2851,6303218,17,1
2852,6316420,17,1
2853,6205360,5,1
2854,6205075,5,1
2855,6312657,5,1
2856,6203443,5,1
2857,6313366,17,1
2858,6310410,5,1
2859,6292752,5,1
2860,6317046,5,1
2861,6294704,5,1
2862,6202642,5,1
2863,6294745,17,1
2864,6206887,5,1
2865,6310156,5,1
2866,6317287,5,1
2867,6315810,5,1
2868,6216072,9,1
2869,6309611,17,1
2870,6317853,5,1
2871,6194561,5,1
2872,6318075,5,1
2873,6318110,5,1
2874,6209376,17,1
2875,6318142,17,1
2876,6318510,17,1
2877,6204572,7,1
2878,6265791,9,1
2879,6209877,5,1
2880,6317648,5,1
2881,6318969,13,1
2882,6319038,5,1
2883,6318480,5,1
2884,6313948,17,1
2885,6319290,5,1
2886,6319416,5,1
2887,6318773,17,1
2888,6319645,17,1
2889,6319735,17,1
2890,6265055,7,1
2891,6319925,5,1
2892,6205445,17,1
2893,6320182,5,1
2894,6320209,5,1
2895,6318492,5,1
2896,6320219,5,1
2897,6261310,5,1
2898,6320094,5,1
2899,6320298,5,1
2900,6320794,5,1
2901,6320869,11,1
2902,6320822,17,1
2903,6206956,5,1
2904,6320972,5,1
2905,6321162,5,1
2906,6321238,17,1
2907,6321421,17,1
2908,6321497,5,1
2909,6321472,17,1
2910,6181549,17,1
2911,6321943,5,1
2912,6317359,17,1
2913,6322068,5,1
2914,6204719,7,1
2915,6320186,17,1
2916,6322189,0,1
2917,6322616,5,1
2918,6254813,17,1
2919,6205631,5,1
2920,6322908,5,1
2921,6323149,5,1
2922,6322217,5,1
2923,6323205,17,1
2924,6323179,17,1
2925,6323218,17,1
2926,6318003,5,1
2927,6323973,17,1
2928,6323978,5,1
2929,6321443,16,1
2930,6151944,5,1
2931,6324456,17,1
2932,6215745,5,1
2933,6324456,0,1
2934,6306095,17,1
2935,6316230,5,1
2936,3409109,7,1
2937,6299578,17,1
2938,6313650,17,1
2939,6324817,5,1
2940,6322876,17,1
2941,6325020,5,1
2942,6324289,17,1
2943,6319895,17,1
2944,6325345,5,1
2945,6325472,17,1
2946,6190876,9,1
2947,6324922,17,1
2948,6266887,9,1
2949,6325811,5,1
2950,6210448,9,1
2951,6268314,9,1
2952,6325910,5,1
2953,6325717,17,1
2954,6323747,0,1
2955,6321182,5,1
2956,6264104,17,1
2957,6326102,17,1
2958,6323747,0,1
2959,6216601,9,1
2960,6326431,5,1
2961,6229121,7,1
2962,6326714,17,1
2963,6253935,9,1
2964,6326724,17,1
2965,6327016,5,1
2966,6224726,0,1
2967,6266860,17,1
2968,6282038,5,1
2969,6327255,17,1
2970,6304534,5,1
2971,6322634,17,1
2972,6324555,5,1
2973,6218769,9,1
2974,6327829,11,1
2975,6327830,5,1
2976,6313689,16,1
2977,6294832,17,1
2978,6327995,11,1
2979,6242899,9,1
2980,6325883,13,1
2981,6224726,0,1
2982,6325976,17,1
2983,6166451,5,1
2984,6326276,5,1
2985,6317598,5,1
2986,6325044,17,1
2987,6328845,5,1
2988,6188251,17,1
2989,6269641,17,1
2990,6329116,5,1
2991,6269876,17,1
2992,6315240,5,1
2993,6220343,9,1
2994,6326136,5,1
2995,6155796,5,1
2996,6329145,17,1
2997,6220949,9,1
2998,6326893,17,1
2999,6329205,5,1
3000,6329690,5,1
3001,6330090,5,1
3002,6304400,17,1
3003,6318507,5,1
3004,6326039,5,1
3005,6209634,7,1
3006,6320946,17,1
3007,6330439,5,1
3008,6309810,5,1
3009,6330509,5,1
3010,6330534,17,1
3011,6262327,9,1
3012,6280840,5,1
3013,6330871,17,1
3014,6331040,5,1
3015,6317166,17,1
3016,6234878,5,1
3017,6330169,5,1
3018,6298295,5,1
3019,6269094,5,1
3020,6206611,9,1
3021,6297635,5,1
3022,6331527,17,1
3023,6331861,5,1
3024,6222357,9,1
3025,6332132,5,1
3026,6252826,17,1
3027,6222870,7,1
3028,6332332,0,1
3029,6322422,5,1
3030,6266429,17,1
3031,6271974,17,1
3032,6275929,9,1
3033,6298481,5,1
3034,6275310,9,1
3035,6332971,5,1
3036,6320056,17,1
3037,6276929,9,1
3038,6321241,5,1
3039,6332370,5,1
3040,6233308,9,1
3041,6322583,17,1
3042,6333035,5,1
3043,6333541,17,1
3044,6277876,9,1
3045,6277179,9,1
3046,6333035,0,1
3047,6330105,17,1
3048,6199988,9,1
3049,6158490,5,1
3050,6332402,5,1
3051,6334164,5,1
3052,6278791,9,1
3053,6278805,9,1
3054,6255355,5,1
3055,6323368,17,1
3056,6236188,17,1
3057,6331030,17,1
3058,6277407,9,1
3059,6279219,9,1
3060,6334977,17,1
3061,6224690,9,1
3062,6304553,5,1
3063,6207777,9,1
3064,6202814,17,1
3065,6320575,17,1
3066,6162458,5,1
3067,6156187,5,1
3068,6335731,17,1
3069,6189619,17,1
3070,6335462,17,1
3071,6335970,5,1
3072,6335615,17,1
3073,6326077,5,1
3074,6165966,5,1
3075,6332963,17,1
3076,6281062,5,1
3077,6227059,9,1
3078,6285548,17,1
3079,6328058,5,1
3080,6336428,5,1
3081,6294223,5,1
3082,6280782,5,1
3083,6310504,5,1
3084,6337109,5,1
3085,6281864,5,1
3086,6208598,7,1
3087,6292695,17,1
3088,6337669,5,1
3089,6282110,5,1
3090,6337550,17,1
3091,6338040,17,1
3092,6160965,17,1
3093,6336255,15,1
3094,6338200,11,1
3095,6337861,5,1
3096,6164548,5,1
3097,6217240,5,1
3098,6224130,9,1
3099,6241302,17,1
3100,6338329,17,1
3101,6331879,5,1
3102,6338262,17,1
3103,6338790,5,1
3104,6248838,5,1
3105,6228744,17,1
3106,6333334,5,1
3107,6251895,17,1
3108,6228600,9,1
3109,6228984,5,1
3110,6337122,17,1
3111,6335518,5,1
3112,6228241,7,1
3113,6324703,5,1
3114,6217982,9,1
3115,6339485,5,1
3116,6339259,5,1
3117,6339603,5,1
3118,6165583,11,1
3119,6340070,5,1
3120,6165742,17,1
3121,6167066,5,1
3122,6283645,5,1
3123,6340202,17,1
3124,6230021,5,1
3125,6325544,17,1
3126,6340415,5,1
3127,6167874,5,1
3128,6334139,5,1
3129,6297469,5,1
3130,6328066,17,1
3131,6339918,5,1
3132,6338637,17,1
3133,6285100,5,1
3134,6299758,17,1
3135,6337650,17,1
3136,6340791,5,1
3137,6310533,17,1
3138,6280792,17,1
3139,6285490,5,1
3140,6341632,5,1
3141,6336774,17,1
3142,6341874,17,1
3143,6331459,5,1
3144,6257443,5,1
3145,6342045,5,1
3146,6342029,5,1
3147,6342283,17,1
3148,6340360,5,1
3149,6342428,5,1
3150,6342705,5,1
3151,6312957,5,1
3152,6341666,5,1
3153,6342986,5,1
3154,6342276,17,1
3155,6339798,16,1
3156,6343207,5,1
3157,6343367,5,1
3158,6286187,5,1
3159,6340139,5,1
3160,6343398,0,1
3161,6335178,0,1
3162,6331669,5,1
3163,6342986,0,1
3164,6343635,5,1
3165,6245661,17,1
3166,6343771,17,1
3167,6177690,9,1
3168,6344188,17,1
3169,6230489,7,1
3170,6321881,17,1
3171,6287152,5,1
3172,6198224,5,1
3173,6231092,9,1
3174,6343875,17,1
3175,6181797,17,1
3176,6344674,17,1
3177,6336859,17,1
3178,6163279,5,1
3179,6327893,17,1
3180,6342679,17,1
3181,6345068,5,1
3182,6329817,17,1
3183,6286108,17,1
3184,6222857,9,1
3185,6342728,17,1
3186,6172403,5,1
3187,6345413,5,1
3188,6296400,0,1
3189,6345477,17,1
3190,6345700,17,1
3191,6341380,17,1
3192,6287217,17,1
3193,6173440,5,1
3194,6346206,5,1
3195,6226786,5,1
3196,6346372,5,1
3197,6344593,5,1
3198,6290166,5,1
3199,6346823,5,1
3200,6290384,5,1
3201,6175109,5,1
3202,6172845,5,1
3203,6290486,5,1
3204,6343630,5,1
3205,6289876,5,1
3206,6347673,5,1
3207,6340844,5,1
3208,6347972,17,1
3209,6237556,9,1
3210,6289812,17,1
3211,6174273,15,1
3212,6320460,16,1
3213,6176509,5,1
3214,6348450,16,1
3215,6287267,5,1
3216,6289510,5,1
3217,6347020,5,1
3218,6330331,17,1
3219,6176635,5,1
3220,6175693,15,1
3221,6277157,5,1
3222,6326401,17,1
3223,6348682,5,1
3224,6349341,5,1
3225,6346399,5,1
3226,6176357,5,1
3227,6348265,17,1
3228,6349615,17,1
3229,6292883,17,1
3230,6349974,5,1
3231,6332876,5,1
3232,6294292,5,1
3233,6346996,5,1
3234,6211634,17,1
3235,6345009,17,1
3236,6349663,17,1
3237,6293739,17,1
3238,6349732,17,1
3239,6349995,16,1
3240,6350093,5,1
3241,6241360,7,1
3242,6338790,0,1
3243,6321309,15,1
3244,6350829,5,1
3245,6337981,17,1
3246,6341356,5,1
3247,6288799,5,1
3248,6351507,17,1
3249,6293292,17,1
3250,6181383,17,1
3251,6352412,5,1
3252,6242392,9,1
3253,6180153,17,1
3254,6296010,5,1
3255,6348653,11,1
3256,6350443,5,1
3257,6334164,0,1
3258,6296415,5,1
3259,6241806,9,1
3260,6353274,5,1
3261,6179025,5,1
3262,6171626,17,1
3263,6352371,5,1
3264,6148821,17,1
3265,6296806,17,1
3266,6244724,7,1
3267,6296598,17,1
3268,6351176,15,1
3269,6351176,0,1
3270,6353832,5,1
3271,6239734,9,1
3272,6243696,7,1
3273,6340611,5,1
3274,6165667,5,1
3275,6350383,5,1
3276,6354271,5,1
3277,6174453,5,1
3278,6352970,17,1
3279,6352445,5,1
3280,6242740,17,1
3281,6184648,5,1
3282,6353519,5,1
3283,6354970,5,1
3284,6338790,0,1
3285,6354063,5,1
3286,6341175,11,1
3287,6187758,17,1
3288,6354610,5,1
3289,6300003,5,1
3290,6355674,5,1
3291,6300140,5,1
3292,6301610,17,1
3293,6355223,5,1
3294,6353543,5,1
3295,6186954,5,1
3296,6356359,0,1
3297,6356666,17,1
3298,6299400,5,1
3299,6188227,5,1
3300,6315836,17,1
3301,6301074,17,1
3302,6246957,7,1
3303,6252052,5,1
3304,6345568,5,1
3305,6357079,5,1
3306,6357101,17,1
3307,6302075,5,1
3308,6300178,17,1
3309,6357223,17,1
3310,6294042,17,1
3311,6357601,17,1
3312,6302145,17,1
3313,6302511,5,1
3314,6284590,5,1
3315,6353950,5,1
3316,6302984,17,1
3317,6230484,5,1
3318,6301405,17,1
3319,6190511,5,1
3320,6358692,17,1
3321,6303836,5,1
3322,6301857,17,1
3323,6334164,0,1
3324,6359101,17,1
3325,6359325,5,1
3326,6191266,5,1
3327,6359531,17,1
3328,6358692,0,1
3329,6358461,5,1
3330,6356240,17,1
3331,6304899,5,1
3332,6230599,5,1
3333,6305610,5,1
3334,6360650,5,1
3335,6330061,5,1
3336,6246438,5,1
3337,6192551,5,1
3338,6360517,17,1
3339,6358011,5,1
3340,6361209,17,1
3341,6299999,17,1
3342,6304797,17,1
3343,6361436,17,1
3344,6361552,17,1
3345,6321001,6,1
3346,6295695,17,1
3347,6303547,17,1
3348,6254243,9,1
3349,6361841,8,1
3350,6354941,9,1
3351,6361964,17,1
3352,6286979,5,1
3353,6211691,5,1
3354,6334625,12,1
3355,6362153,8,1
3356,6296400,17,1
3357,6307685,5,1
3358,6254857,9,1
3359,6306644,5,1
3360,6360869,12,1
3361,6362425,12,1
3362,6308201,5,1
3363,6255475,9,1
3364,6308513,5,1
3365,6362927,9,1
3366,6307399,5,1
3367,6363029,17,1
3368,6361495,8,1
3369,6363150,12,1
3370,6360891,8,1
3371,6362843,12,1
3372,6363677,9,1
3373,6261339,9,1
3374,6363931,12,1
3375,6184587,9,1
3376,6364171,12,1
3377,6308802,5,1
3378,6257612,9,1
3379,6183123,9,1
3380,6361585,17,1
3381,6302433,5,1
3382,6258644,9,1
3383,6311553,5,1
3384,6364501,9,1
3385,6351452,9,1
3386,6363876,6,1
3387,6196094,5,1
3388,6312402,5,1
3389,6198632,5,1
3390,6366560,9,1
3391,6312532,5,1
3392,6366637,8,1
3393,6366646,8,1
3394,6366804,8,1
3395,6363323,12,1
3396,6365308,8,1
3397,6366689,12,1
3398,6260015,6,1
3399,6354627,9,1
3400,6367412,12,1
3401,6347053,9,1
3402,6367329,12,1
3403,6367465,9,1
3404,6365721,8,1
3405,6367054,9,1
3406,6362891,8,1
3407,6311363,5,1
3408,6366284,9,1
3409,6367842,9,1
3410,6342930,8,1
3411,6306848,5,1
3412,6299054,9,1
3413,6218359,11,1
3414,6357192,12,1
3415,6285932,5,1
3416,6192171,9,1
3417,6369053,14,1
3418,6202123,5,1
3419,6202240,5,1
3420,6262889,9,1
3421,6167991,5,1
3422,6369751,12,1
3423,6369802,6,1
3424,6213340,12,1
3425,6369373,8,1
3426,6155723,12,1
3427,6368177,8,1
3428,6323678,6,1
3429,6352977,12,1
3430,6205360,5,1
3431,6370815,17,1
3432,6233662,12,1
3433,6370741,12,1
3434,6317336,9,1
3435,6371321,9,1
3436,6202642,5,1
3437,6371655,12,1
3438,6371611,9,1
3439,6372028,17,1
3440,6216072,9,1
3441,6348452,8,1
3442,6372148,12,1
3443,6303388,12,1
3444,6371167,12,1
3445,6265208,9,1
3446,6308874,8,1
3447,6372976,9,1
3448,6209556,5,1
3449,6369304,8,1
3450,6373156,12,1
3451,6355773,12,1
3452,6373913,14,1
3453,6180712,5,1
3454,6372148,0,1
3455,6265077,12,1
3456,6374587,8,1
3457,6343713,9,1
3458,6373158,12,1
3459,6367900,12,1
3460,6319290,5,1
3461,6374764,12,1
3462,6374898,17,1
3463,6375387,9,1
3464,6236230,9,1
3465,6350824,8,1
3466,6341286,17,1
3467,6374300,17,1
3468,6375828,9,1
3469,6349508,12,1
3470,6376325,17,1
3471,6376526,9,1
3472,6374554,8,1
3473,6375446,12,1
3474,6332272,12,1
3475,6377197,12,1
3476,6361531,17,1
3477,6377849,12,1
3478,6314124,9,1
3479,6378050,8,1
3480,6378275,9,1
3481,6375933,8,1
3482,6340889,8,1
3483,6378685,8,1
3484,6165299,14,1
3485,6262556,9,1
3486,6318492,5,1
3487,6320219,5,1
3488,6320094,5,1
3489,6320298,5,1
3490,6265696,9,1
3491,6206956,5,1
3492,6320972,5,1
3493,6299407,17,1
3494,6379020,17,1
3495,6379258,17,1
3496,6378933,12,1
3497,6379266,8,1
3498,6354627,0,1
3499,6317838,12,1
3500,6379806,9,1
3501,6379862,17,1
3502,6379930,12,1
3503,6324817,5,1
3504,6377425,1,1
3505,6252665,8,1
3506,6322718,5,1
3507,6323149,5,1
3508,6320763,5,1
3509,6214067,5,1
3510,6213693,5,1
3511,6215745,5,1
3512,6262725,7,1
3513,6262725,7,1
3514,6265370,7,1
3515,6208186,17,1
3516,6212949,17,1
3517,6212949,17,1
3518,6212949,17,1
3519,6313408,17,1
3520,6293762,17,1
3521,6380753,8,1
3522,6260188,7,1
3523,6224836,7,1
3524,6224836,7,1
3525,6254436,7,1
3526,6254436,7,1
3527,6262087,7,1
3528,6262087,7,1
3529,6262087,7,1
3530,6255174,7,1
3531,6255174,7,1
3532,6255174,7,1
3533,6260209,7,1
3534,6262451,7,1
3535,6263183,7,1
3536,6258342,7,1
3537,6253708,7,1
3538,6265034,7,1
3539,6262661,7,1
3540,6261683,7,1
3541,6261683,7,1
3542,6209427,17,1
3543,6230432,17,1
3544,6230432,17,1
3545,6311057,17,1
3546,6311057,17,1
3547,6315567,17,1
3548,6307892,17,1
3549,6307892,17,1
3550,6149287,17,1
3551,6235897,17,1
3552,6235897,17,1
3553,3053432,17,1
3554,3053432,17,1
3555,3053432,17,1
3556,3053432,17,1
3557,6288204,17,1
3558,6288204,17,1
3559,6306602,17,1
3560,6312493,17,1
3561,6312493,17,1
3562,6311871,17,1
3563,6311871,17,1
3564,6316022,17,1
3565,6316022,17,1
3566,6322189,17,1
3567,6322189,17,1
3568,6318602,17,1
3569,6322378,17,1
3570,6323035,17,1
3571,6195233,17,1
3572,6209960,17,1
3573,6209960,17,1
3574,6209960,17,1
3575,6261267,17,1
3576,6307676,17,1
3577,6314210,17,1
3578,6318387,17,1
3579,6304817,17,1
3580,6320702,17,1
3581,6305614,17,1
3582,6201082,17,1
3583,6201082,17,1
3584,6201082,17,1
3585,6310493,17,1
3586,6310493,17,1
3587,6319267,17,1
3588,6313608,17,1
3589,6313702,17,1
3590,6370364,17,1
3591,6305697,17,1
3592,6254813,17,1
3593,6380934,12,1
3594,6380999,9,1
3595,6266887,9,1
3596,6365954,0,1
3597,6365954,0,1
3598,6363878,17,1
3599,6216456,8,1
3600,6210448,9,1
3601,6381125,17,1
3602,6380774,9,1
3603,6323205,17,1
3604,6323179,17,1
3605,6381664,12,1
3606,6191074,8,1
3607,6152634,5,1
3608,6325962,17,1
3609,6381969,17,1
3610,6326330,17,1
3611,6382037,8,1
3612,6382129,12,1
3613,6324589,17,1
3614,6321879,17,1
3615,6370148,8,1
3616,6159474,8,1
3617,6381755,14,1
3618,6347615,0,1
3619,6382761,9,1
3620,6382857,9,1
3621,6218769,9,1
3622,6382722,14,1
3623,6383039,12,1
3624,6382938,9,1
3625,6383202,6,1
3626,6324433,5,1
3627,6383769,0,1
3628,6219917,9,1
3629,6326107,17,1
3630,6325976,17,1
3631,6299608,9,1
3632,6326714,17,1
3633,6328878,5,1
3634,6384170,17,1
3635,6216694,12,1
3636,6380717,9,1
3637,6269876,17,1
3638,6384461,17,1
3639,6220343,9,1
3640,6322634,17,1
3641,6155796,5,1
3642,6273205,12,1
3643,6319864,17,1
3644,6384990,12,1
3645,6365554,9,1
3646,6385071,17,1
3647,6329205,5,1
3648,6385323,12,1
3649,6378668,17,1
3650,6385484,17,1
3651,6326893,17,1
3652,6330223,5,1
3653,6210798,12,1
3654,6324312,17,1
3655,6262327,9,1
3656,6384716,17,1
3657,6331040,5,1
3658,6386857,8,1
3659,6386964,17,1
3660,6206611,9,1
3661,6387013,17,1
3662,6365954,0,1
3663,6387061,17,1
3664,6387208,14,1
3665,6343733,12,1
3666,6387368,9,1
3667,6223759,12,1
3668,6387444,17,1
3669,6222357,9,1
3670,6266429,17,1
3671,6332246,5,1
3672,6298481,5,1
3673,6252826,17,1
3674,6204137,17,1
3675,6331938,5,1
3676,6388413,6,1
3677,6204760,12,1
3678,6314702,5,1
3679,6388656,12,1
3680,6159515,5,1
3681,6207194,8,1
3682,6317539,16,1
3683,6320763,5,1
3684,6323033,17,1
3685,6323549,17,1
3686,6315188,17,1
3687,6214067,5,1
3688,6322831,17,1
3689,6313860,17,1
3690,6323747,17,1
3691,6262456,17,1
3692,6213693,5,1
3693,6321861,17,1
3694,6324504,17,1
3695,6268503,9,1
3696,6268388,17,1
3697,3409109,7,1
3698,6323014,17,1
3699,6260444,9,1
3700,6321861,0,1
3701,6268644,9,1
3702,6322181,17,1
3703,6210030,17,1
3704,6325234,17,1
3705,6151910,5,1
3706,6325761,5,1
3707,6264018,17,1
3708,6268849,17,1
3709,6324212,17,1
3710,6325962,17,1
3711,6323974,5,1
3712,6326231,5,1
3713,6326128,17,1
3714,6244439,5,1
3715,6323014,0,1
3716,6326107,17,1
3717,6217177,9,1
3718,6326330,17,1
3719,6152634,5,1
3720,6326739,17,1
3721,6215538,9,1
3722,6324589,17,1
3723,6326961,5,1
3724,6321879,17,1
3725,6224726,0,1
3726,6326239,5,1
3727,6322855,5,1
3728,6327452,5,1
3729,6326667,5,1
3730,6153473,5,1
3731,6319864,17,1
3732,6308847,5,1
3733,6326865,5,1
3734,6327773,17,1
3735,6327765,17,1
3736,6270589,5,1
3737,6328047,17,1
3738,6216441,7,1
3739,6326365,17,1
3740,6324380,16,1
3741,6251795,17,1
3742,6324433,5,1
3743,6224726,0,1
3744,6219697,9,1
3745,6152401,5,1
3746,6324312,17,1
3747,6328761,5,1
3748,6217791,9,1
3749,6219917,9,1
3750,6328893,5,1
3751,6250582,5,1
3752,6328878,5,1
3753,6328932,5,1
3754,6329027,5,1
3755,6154152,11,1
3756,6325358,17,1
3757,6271875,9,1
3758,6243527,5,1
3759,6270221,17,1
3760,6320394,5,1
3761,6329545,5,1
3762,6330223,5,1
3763,6328149,17,1
3764,6209634,7,1
3765,6209634,7,1
3766,6330356,13,1
3767,6324304,17,1
3768,6312605,5,1
3769,6330473,17,1
3770,6192631,9,1
3771,6330562,17,1
3772,6272838,9,1
3773,6330995,17,1
3774,6331267,5,1
3775,6270525,9,1
3776,6331409,5,1
3777,6274072,9,1
3778,6331552,17,1
3779,6331674,17,1
3780,6222756,9,1
3781,6330036,5,1
3782,6330914,17,1
3783,6164251,5,1
3784,6331751,17,1
3785,6275324,9,1
3786,6308377,17,1
3787,6302562,17,1
3788,6273749,17,1
3789,6332246,5,1
3790,6332332,5,1
3791,6326931,17,1
3792,6272364,17,1
3793,6331938,5,1
3794,6204137,17,1
3795,6276874,9,1
3796,6158890,5,1
3797,6314702,5,1
3798,6303136,17,1
3799,6276196,17,1
3800,6330914,0,1
3801,6224094,9,1
3802,6159515,5,1
3803,6333393,17,1
3804,6333695,5,1
3805,6157606,5,1
3806,6160008,5,1
3807,6274780,9,1
3808,6278291,9,1
3809,6325892,5,1
3810,6315628,17,1
3811,6334036,5,1
3812,6219459,7,1
3813,6258245,9,1
3814,6333964,17,1
3815,6334211,17,1
3816,6334396,17,1
3817,6324263,5,1
3818,6221195,7,1
3819,6333695,0,1
3820,6274059,17,1
3821,6302812,17,1
3822,6333695,0,1
3823,6277976,5,1
3824,6335328,5,1
3825,6335179,17,1
3826,6235195,5,1
3827,6325411,17,1
3828,6330085,5,1
3829,6335485,17,1
3830,6333897,5,1
3831,6335717,5,1
3832,6335719,17,1
3833,6203957,9,1
3834,6278726,5,1
3835,6274758,5,1
3836,6336240,5,1
3837,6336283,17,1
3838,6336314,5,1
3839,6328512,5,1
3840,6327942,17,1
3841,6325690,5,1
3842,6336489,17,1
3843,6333342,5,1
3844,6331316,5,1
3845,6336364,17,1
3846,6281433,5,1
3847,6163905,17,1
3848,6337146,17,1
3849,6337404,11,1
3850,6337496,17,1
3851,6282225,5,1
3852,6338097,17,1
3853,6336028,5,1
3854,6282736,5,1
3855,6338640,5,1
3856,6338869,17,1
3857,6291031,17,1
3858,6339114,5,1
3859,6175881,5,1
3860,6274420,17,1
3861,6339666,5,1
3862,6339182,5,1
3863,6339836,5,1
3864,6338790,0,1
3865,6340035,17,1
3866,6339753,5,1
3867,6340453,5,1
3868,6328251,11,1
3869,6340515,17,1
3870,6283600,17,1
3871,6174956,5,1
3872,6330217,5,1
3873,6168061,11,1
3874,6249289,17,1
3875,6229834,9,1
3876,6341068,5,1
3877,6336854,5,1
3878,6341475,17,1
3879,6335971,5,1
3880,6246953,5,1
3881,6285616,5,1
3882,6340740,17,1
3883,6341953,5,1
3884,6341950,17,1
3885,6282308,5,1
3886,6227382,5,1
3887,6342610,5,1
3888,6340402,17,1
3889,6342611,17,1
3890,6341807,17,1
3891,6205925,9,1
3892,6286164,5,1
3893,6342619,5,1
3894,6342766,5,1
3895,6341914,5,1
3896,6342236,17,1
3897,6343180,17,1
3898,6343398,5,1
3899,6343369,5,1
3900,6295838,17,1
3901,6244646,5,1
3902,6231122,9,1
3903,6340529,5,1
3904,6343916,17,1
3905,6286643,5,1
3906,6340776,17,1
3907,6339317,5,1
3908,6298665,17,1
3909,6227758,9,1
3910,6231387,9,1
3911,6319417,5,1
3912,6287861,5,1
3913,6344605,5,1
3914,6233418,7,1
3915,6344474,5,1
3916,6345039,0,1
3917,6345196,5,1
3918,6288711,5,1
3919,6155049,5,1
3920,6191959,9,1
3921,6325984,5,1
3922,6345471,5,1
3923,6341771,5,1
3924,6345639,17,1
3925,6345798,5,1
3926,6217980,17,1
3927,6345936,5,1
3928,6285315,17,1
3929,6234740,9,1
3930,6234897,9,1
3931,6289427,5,1
3932,6343442,17,1
3933,6342656,17,1
3934,6158059,7,1
3935,6341834,5,1
3936,6345494,5,1
3937,6346206,0,1
3938,6346367,17,1
3939,6277176,5,1
3940,6338790,0,1
3941,6171734,5,1
3942,6173154,5,1
3943,6289596,5,1
3944,6291019,5,1
3945,6347547,5,1
3946,6347615,11,1
3947,6166746,5,1
3948,6169675,5,1
3949,6346921,17,1
3950,6289193,5,1
3951,6237985,9,1
3952,6291768,5,1
3953,6340832,5,1
3954,6291892,5,1
3955,6323204,16,1
3956,6348703,5,1
3957,6342814,5,1
3958,6348551,17,1
3959,6348881,5,1
3960,6290389,17,1
3961,6348077,5,1
3962,6348870,17,1
3963,6282070,17,1
3964,6197636,5,1
3965,6347695,5,1
3966,6238712,7,1
3967,6299421,5,1
3968,6292821,5,1
3969,6349370,5,1
3970,6338004,17,1
3971,6204997,9,1
3972,6350178,5,1
3973,6348138,17,1
3974,6343717,17,1
3975,6185806,5,1
3976,6347156,5,1
3977,6350372,17,1
3978,6302978,5,1
3979,6341839,5,1
3980,6240960,9,1
3981,6293761,5,1
3982,6241282,9,1
3983,6351054,17,1
3984,6349411,17,1
3985,6349696,5,1
3986,6351355,5,1
3987,6351320,5,1
3988,6294637,5,1
3989,6351674,5,1
3990,6351686,17,1
3991,6326903,17,1
3992,6178813,5,1
3993,6180266,17,1
3994,6295226,5,1
3995,6207702,9,1
3996,6299407,0,1
3997,6294412,17,1
3998,6351410,17,1
3999,6242059,17,1
4000,6296077,5,1
4001,6346416,11,1
4002,6352960,5,1
4003,6351146,17,1
4004,6353248,5,1
4005,6179225,5,1
4006,6244324,7,1
4007,6182762,17,1
4008,6351905,17,1
4009,6297165,5,1
4010,6338790,0,1
4011,6352957,5,1
4012,6351061,5,1
4013,6225437,5,1
4014,6182038,17,1
4015,6242740,0,1
4016,6216736,17,1
4017,6341087,17,1
4018,6212849,17,1
4019,6342455,17,1
4020,6182370,5,1
4021,6247062,9,1
4022,6272854,5,1
4023,6299668,17,1
4024,6247803,9,1
4025,6356359,13,1
4026,6356225,17,1
4027,6246498,7,1
4028,6300972,5,1
4029,6355282,5,1
4030,6356587,17,1
4031,6356667,17,1
4032,6247322,9,1
4033,6356359,0,1
4034,6356702,17,1
4035,6356239,15,1
4036,6248796,9,1
4037,6357039,5,1
4038,6170771,5,1
4039,6188397,5,1
4040,6354023,5,1
4041,6188526,5,1
4042,6357453,5,1
4043,6357574,5,1
4044,6357500,5,1
4045,6249644,7,1
4046,6357652,11,1
4047,6298444,17,1
4048,6354314,17,1
4049,6296400,0,1
4050,6299451,17,1
4051,6291976,5,1
4052,6358329,5,1
4053,6296400,2,1
4054,6189914,17,1
4055,6242662,11,1
4056,6358665,17,1
4057,6358912,17,1
4058,6301776,17,1
4059,6359028,5,1
4060,6304658,5,1
4061,6347615,0,1
4062,6299474,17,1
4063,6304650,5,1
4064,6359988,17,1
4065,6347377,5,1
4066,6304184,17,1
4067,6303681,17,1
4068,6298995,17,1
4069,6192890,5,1
4070,6305840,17,1
4071,6238683,5,1
4072,6361094,17,1
4073,6355288,17,1
4074,6298881,17,1
4075,6305613,5,1
4076,6361282,5,1
4077,6361475,5,1
4078,6361035,5,1
4079,6361595,8,1
4080,6306390,17,1
4081,6191825,17,1
4082,6361705,5,1
4083,6254286,7,1
4084,6347164,17,1
4085,6189673,5,1
4086,6361302,9,1
4087,6194356,5,1
4088,6360001,6,1
4089,6356459,12,1
4090,6362198,17,1
4091,6296062,17,1
4092,6201592,17,1
4093,6349635,9,1
4094,6362183,9,1
4095,6362622,9,1
4096,6362611,8,1
4097,6253503,7,1
4098,6358901,8,1
4099,6362815,8,1
4100,6362907,9,1
4101,6362839,12,1
4102,6362880,9,1
4103,6356830,12,1
4104,6362689,12,1
4105,6363401,9,1
4106,6309745,5,1
4107,6363536,9,1
4108,6363536,0,1
4109,6363573,14,1
4110,6363865,17,1
4111,6331186,9,1
4112,6358540,8,1
4113,6184587,0,1
4114,6184587,0,1
4115,6364194,8,1
4116,6364370,8,1
4117,6344111,14,1
4118,6347467,12,1
4119,6309849,5,1
4120,6310794,5,1
4121,6363918,8,1
4122,6258408,9,1
4123,6356787,6,1
4124,6364906,12,1
4125,6305525,5,1
4126,6365101,12,1
4127,6257487,9,1
4128,6259167,9,1
4129,6365612,9,1
4130,6300986,5,1
4131,6365604,17,1
4132,6339238,6,1
4133,6274487,6,1
4134,6362010,9,1
4135,6366614,14,1
4136,6362579,12,1
4137,6366825,12,1
4138,6366571,9,1
4139,6312888,5,1
4140,6367174,12,1
4141,6365134,8,1
4142,6347615,0,1
4143,6190137,5,1
4144,6367600,9,1
4145,6367538,17,1
4146,6189554,9,1
4147,6313497,5,1
4148,6367891,9,1
4149,6367959,17,1
4150,6367920,17,1
4151,6200344,5,1
4152,6364295,9,1
4153,6367022,9,1
4154,6312224,5,1
4155,6356327,6,1
4156,6301037,8,1
4157,6341152,8,1
4158,6250202,9,1
4159,6368934,9,1
4160,6369040,6,1
4161,6253284,8,1
4162,6202046,5,1
4163,6288923,14,1
4164,6367173,12,1
4165,6362274,8,1
4166,6314980,5,1
4167,6201035,5,1
4168,6314945,5,1
4169,6262536,9,1
4170,6364523,9,1
4171,6369707,17,1
4172,6369720,12,1
4173,6315547,5,1
4174,6369771,9,1
4175,6203383,5,1
4176,6369763,8,1
4177,6370176,17,1
4178,6315712,5,1
4179,6368233,8,1
4180,6341778,9,1
4181,6354786,17,1
4182,6370671,17,1
4183,6204979,5,1
4184,6205075,5,1
4185,6203443,5,1
4186,6371031,9,1
4187,6206115,11,1
4188,6371530,9,1
4189,6294704,5,1
4190,6371638,17,1
4191,6361322,17,1
4192,6371255,12,1
4193,6317287,5,1
4194,6372049,17,1
4195,6372097,17,1
4196,6368313,17,1
4197,6164792,9,1
4198,6318075,5,1
4199,6205768,11,1
4200,6372726,17,1
4201,6369765,12,1
4202,6368504,9,1
4203,6364832,6,1
4204,6373287,17,1
4205,6367021,12,1
4206,6209877,5,1
4207,6365801,17,1
4208,6374314,12,1
4209,6374288,8,1
4210,6319038,5,1
4211,6374521,9,1
4212,6369130,9,1
4213,6374507,17,1
4214,6374017,12,1
4215,6374708,17,1
4216,6207113,5,1
4217,6366463,12,1
4218,6374845,8,1
4219,6374914,17,1
4220,6375507,17,1
4221,6375198,9,1
4222,6374587,2,1
4223,6376603,14,1
4224,6374898,0,1
4225,6320181,12,1
4226,6352422,8,1
4227,6377425,9,1
4228,6377377,8,1
4229,6370749,12,1
4230,6376427,17,1
4231,6377926,9,1
4232,6317808,9,1
4233,6330089,6,1
4234,6292752,12,1
4235,6364195,6,1
4236,6334780,17,1
4237,6376485,12,1
4238,6320794,5,1
4239,6322271,5,1
4240,6321745,5,1
4241,6378971,6,1
4242,6379129,12,1
4243,6353948,17,1
4244,6379011,12,1
4245,6374671,12,1
4246,6378998,17,1
4247,6378614,12,1
4248,6376945,17,1
4249,6379381,9,1
4250,6379258,0,1
4251,6377895,12,1
4252,6379742,9,1
4253,6365954,9,1
4254,6366783,12,1
4255,6268644,9,1
4256,6379564,9,1
4257,6205631,5,1
4258,6322217,5,1
4259,6322660,5,1
4260,6323978,5,1
4261,6151944,5,1
4262,6268503,9,1
4263,6262725,7,1
4264,6265370,7,1
4265,6265370,7,1
4266,6208186,17,1
4267,6208186,17,1
4268,6208186,17,1
4269,6212949,17,1
4270,6313408,17,1
4271,6293762,17,1
4272,6260188,7,1
4273,6260188,7,1
4274,6224836,7,1
4275,6254436,7,1
4276,6260209,7,1
4277,6260209,7,1
4278,6262451,7,1
4279,6262451,7,1
4280,6262584,7,1
4281,6262584,7,1
4282,6262584,7,1
4283,6263183,7,1
4284,6258342,7,1
4285,6258342,7,1
4286,6253708,7,1
4287,6253708,7,1
4288,6265034,7,1
4289,6265034,7,1
4290,6262661,7,1
4291,6262661,7,1
4292,6261683,7,1
4293,6209427,17,1
4294,6209427,17,1
4295,6209427,17,1
4296,6315567,17,1
4297,6316397,17,1
4298,6316397,17,1
4299,6312531,17,1
4300,6149287,17,1
4301,6149287,17,1
4302,6149287,17,1
4303,6149287,17,1
4304,6320790,17,1
4305,6320790,17,1
4306,6201516,17,1
4307,6201516,17,1
4308,3053432,17,1
4309,3053432,17,1
4310,3053432,17,1
4311,3053432,17,1
4312,3053432,17,1
4313,3053432,17,1
4314,6306602,17,1
4315,6318602,17,1
4316,6322378,17,1
4317,6323035,17,1
4318,6195233,17,1
4319,6195233,17,1
4320,6195233,17,1
4321,6209960,17,1
4322,6261267,17,1
4323,6261267,17,1
4324,6307676,17,1
4325,6314210,17,1
4326,6318387,17,1
4327,6304817,17,1
4328,6320702,17,1
4329,6305614,17,1
4330,6201082,17,1
4331,6319267,17,1
4332,6313608,17,1
4333,6313702,17,1
4334,6312705,17,1
4335,6312705,17,1
4336,6315062,17,1
4337,6315062,17,1
4338,6319847,17,1
4339,6319847,17,1
4340,6325020,5,1
4341,6378711,8,1
4342,6324289,17,1
4343,6305697,17,1
4344,6190876,9,1
4345,6380951,9,1
4346,6151910,5,1
4347,6268314,9,1
4348,6333715,12,1
4349,6381237,9,1
4350,6381300,12,1
4351,6337258,12,1
4352,6381256,17,1
4353,6264104,17,1
4354,6381202,6,1
4355,6380324,12,1
4356,6379089,17,1
4357,6216601,9,1
4358,6326231,5,1
4359,6381129,12,1
4360,6326431,5,1
4361,6381827,9,1
4362,6326102,17,1
4363,6205558,12,1
4364,6215538,9,1
4365,6381912,9,1
4366,6322831,17,1
4367,6313860,17,1
4368,6382042,6,1
4369,6382076,17,1
4370,6321861,17,1
4371,6216162,8,1
4372,6374437,12,1
4373,6216598,12,1
4374,6153473,5,1
4375,6322181,17,1
4376,6326667,5,1
4377,6304534,5,1
4378,6299222,12,1
4379,6382753,17,1
4380,6324555,5,1
4381,6270589,5,1
4382,6383004,17,1
4383,6365954,0,1
4384,6383202,17,1
4385,6359693,17,1
4386,6383340,6,1
4387,6251795,17,1
4388,6327452,12,1
4389,6217791,9,1
4390,6383769,14,1
4391,6383690,8,1
4392,6349615,17,1
4393,6328932,5,1
4394,6329116,5,1
4395,6384292,17,1
4396,6220589,12,1
4397,6384650,9,1
4398,6384958,17,1
4399,6220949,9,1
4400,6219229,12,1
4401,6379806,0,1
4402,6352486,14,1
4403,6382686,12,1
4404,6329690,5,1
4405,6385584,12,1
4406,6167677,12,1
4407,6192631,9,1
4408,6272838,9,1
4409,6369111,8,1
4410,6386204,9,1
4411,6354794,12,1
4412,6386591,9,1
4413,6322196,8,1
4414,6330995,17,1
4415,6274072,9,1
4416,6386791,14,1
4417,6222756,9,1
4418,6387316,8,1
4419,6358865,17,1
4420,6164251,5,1
4421,6387642,17,1
4422,6387756,12,1
4423,6330914,17,1
4424,6370357,12,1
4425,6323035,0,1
4426,6276874,9,1
4427,6276196,17,1
