0,7,5,1
1,6,5,1
2,10,5,1
3,15,17,1
4,21,17,1
5,22,17,1
6,18,17,1
7,24,17,1
8,28,17,1
9,30,16,1
10,32,5,1
11,36,5,1
12,43,5,1
13,38,5,1
14,33,5,1
15,50,5,1
16,48,5,1
17,16,0,1
18,60,17,1
19,62,5,1
20,55,5,1
21,78,5,1
22,59,15,1
23,74,5,1
24,86,11,1
25,101,5,1
26,102,16,1
27,109,5,1
28,106,5,1
29,94,5,1
30,113,5,1
31,100,17,1
32,75,5,1
33,110,17,1
34,54,16,1
35,89,17,1
36,119,5,1
37,128,5,1
38,82,17,1
39,85,5,1
40,132,5,1
41,133,0,1
42,137,0,1
43,136,5,1
44,31,17,1
45,124,5,1
46,145,5,1
47,144,17,1
48,151,17,1
49,152,17,1
50,155,5,1
51,87,5,1
52,147,17,1
53,129,5,1
54,158,5,1
55,125,5,1
56,171,5,1
57,175,5,1
58,19,17,1
59,179,5,1
60,116,5,1
61,185,5,1
62,169,17,1
63,189,5,1
64,182,17,1
65,170,5,1
66,197,5,1
67,123,17,1
68,198,15,1
69,29,5,1
70,184,0,1
71,203,17,1
72,205,5,1
73,206,17,1
74,207,5,1
75,190,5,1
76,211,5,1
77,165,17,1
78,167,11,1
79,224,17,1
80,195,17,1
81,234,5,1
82,228,17,1
83,217,5,1
84,235,5,1
85,226,11,1
86,142,5,1
87,248,0,1
88,161,5,1
89,259,5,1
90,227,5,1
91,262,5,1
92,265,16,1
93,256,5,1
94,258,5,1
95,108,5,1
96,268,11,1
97,251,5,1
98,263,5,1
99,237,17,1
100,58,5,1
101,233,5,1
102,71,17,1
103,241,17,1
104,277,5,1
105,282,17,1
106,285,5,1
107,292,5,1
108,271,5,1
109,250,17,1
110,301,5,1
111,238,5,1
112,288,17,1
113,164,17,1
114,275,17,1
115,240,5,1
116,313,16,1
117,317,5,1
118,174,5,1
119,166,5,1
120,333,17,1
121,330,5,1
122,335,0,1
123,332,17,1
124,336,5,1
125,337,5,1
126,307,13,1
127,339,5,1
128,346,5,1
129,349,17,1
130,303,17,1
131,243,17,1
132,351,5,1
133,360,17,1
134,361,15,1
135,366,5,1
136,363,17,1
137,163,11,1
138,368,17,1
139,320,5,1
140,371,16,1
141,246,17,1
142,379,5,1
143,378,17,1
144,384,5,1
145,302,5,1
146,338,5,1
147,287,5,1
148,327,0,1
149,293,5,1
150,347,5,1
151,399,5,1
152,308,17,1
153,373,5,1
154,388,17,1
155,400,17,1
156,398,5,1
157,395,5,1
158,387,5,1
159,404,5,1
160,397,13,1
161,357,5,1
162,410,17,1
163,377,5,1
164,416,17,1
165,214,17,1
166,426,5,1
167,431,5,1
168,348,17,1
169,225,5,1
170,414,5,1
171,374,5,1
172,434,5,1
173,441,5,1
174,244,5,1
175,445,17,1
176,446,0,1
177,446,5,1
178,318,17,1
179,450,17,1
180,438,17,1
181,432,0,1
182,449,13,1
183,316,5,1
184,457,17,1
185,437,5,1
186,279,0,1
187,458,17,1
188,468,5,1
189,294,17,1
190,229,5,1
191,364,5,1
192,471,17,1
193,478,0,1
194,483,5,1
195,484,5,1
196,488,17,1
197,490,5,1
198,469,17,1
199,328,11,1
200,491,17,1
201,495,17,1
202,500,5,1
203,421,5,1
204,506,5,1
205,504,17,1
206,254,5,1
207,297,5,1
208,510,5,1
209,521,5,1
210,188,16,1
211,525,5,1
212,528,17,1
213,13,17,1
214,20,17,1
215,35,17,1
216,37,5,1
217,40,5,1
218,44,5,1
219,42,5,1
220,41,5,1
221,45,17,1
222,51,5,1
223,61,5,1
224,63,5,1
225,52,17,1
226,46,5,1
227,76,5,1
228,73,5,1
229,72,17,1
230,70,17,1
231,84,5,1
232,88,5,1
233,56,5,1
234,65,17,1
235,92,5,1
236,77,5,1
237,26,17,1
238,103,17,1
239,105,5,1
240,95,5,1
241,64,17,1
242,118,5,1
243,112,5,1
244,98,5,1
245,53,17,1
246,117,17,1
247,90,11,1
248,126,17,1
249,81,5,1
250,131,17,1
251,67,5,1
252,133,17,1
253,107,17,1
254,137,17,1
255,139,5,1
256,143,11,1
257,121,17,1
258,130,10,1
259,12,17,1
260,148,5,1
261,150,5,1
262,146,5,1
263,149,5,1
264,154,5,1
265,91,5,1
266,31,0,1
267,157,5,1
268,141,5,1
269,160,5,1
270,159,17,1
271,162,5,1
272,138,5,1
273,79,0,1
274,176,5,1
275,177,5,1
276,180,17,1
277,122,17,1
278,7,5,1
279,187,5,1
280,192,5,1
281,194,5,1
282,168,5,1
283,172,5,1
284,543,0,1
285,542,5,1
286,295,5,1
287,548,17,1
288,405,17,1
289,508,13,1
290,553,17,1
291,534,17,1
292,494,0,1
293,566,17,1
294,530,5,1
295,570,17,1
296,574,5,1
297,575,5,1
298,564,5,1
299,579,5,1
300,501,5,1
301,590,5,1
302,591,5,1
303,498,17,1
304,577,5,1
305,507,5,1
306,576,5,1
307,514,17,1
308,345,13,1
309,201,15,1
310,565,5,1
311,616,5,1
312,601,5,1
313,623,17,1
314,362,5,1
315,255,5,1
316,632,17,1
317,630,17,1
318,580,5,1
319,639,5,1
320,610,5,1
321,636,17,1
322,6,5,1
323,428,5,1
324,135,5,1
325,299,5,1
326,571,5,1
327,621,5,1
328,638,17,1
329,650,17,1
330,651,5,1
331,628,5,1
332,655,5,1
333,642,5,1
334,658,17,1
335,652,5,1
336,649,5,1
337,440,0,1
338,57,5,1
339,634,5,1
340,552,5,1
341,678,5,1
342,683,17,1
343,370,0,1
344,696,5,1
345,675,5,1
346,699,5,1
347,704,5,1
348,526,5,1
349,266,5,1
350,693,17,1
351,713,5,1
352,708,5,1
353,715,17,1
354,716,5,1
355,183,17,1
356,202,5,1
357,184,5,1
358,204,17,1
359,173,17,1
360,213,17,1
361,140,5,1
362,127,5,1
363,200,17,1
364,216,5,1
365,104,13,1
366,83,5,1
367,230,5,1
368,231,17,1
369,232,0,1
370,222,16,1
371,245,5,1
372,249,16,1
373,248,5,1
374,242,5,1
375,208,17,1
376,23,5,1
377,223,11,1
378,252,5,1
379,269,5,1
380,264,5,1
381,181,11,1
382,228,0,1
383,273,17,1
384,210,17,1
385,191,17,1
386,274,5,1
387,281,17,1
388,248,0,1
389,199,17,1
390,209,17,1
391,289,17,1
392,290,5,1
393,304,5,1
394,260,5,1
395,309,17,1
396,310,11,1
397,312,5,1
398,248,0,1
399,248,0,1
400,319,5,1
401,323,5,1
402,334,17,1
403,335,5,1
404,275,0,1
405,272,17,1
406,296,5,1
407,218,17,1
408,344,17,1
409,97,5,1
410,322,17,1
411,353,5,1
412,96,15,1
413,96,0,1
414,354,5,1
415,365,17,1
416,342,5,1
417,315,5,1
418,296,0,1
419,25,17,1
420,376,5,1
421,284,17,1
422,385,17,1
423,356,17,1
424,386,15,1
425,311,5,1
426,717,5,1
427,714,17,1
428,728,17,1
429,727,17,1
430,502,5,1
431,737,5,1
432,738,5,1
433,742,5,1
434,746,5,1
435,748,17,1
436,755,17,1
437,735,5,1
438,743,5,1
439,768,5,1
440,766,17,1
441,771,0,1
442,770,5,1
443,786,5,1
444,785,17,1
445,718,5,1
446,797,5,1
447,799,11,1
448,789,17,1
449,700,5,1
450,802,17,1
451,594,5,1
452,803,17,1
453,809,5,1
454,808,5,1
455,810,17,1
456,812,17,1
457,825,5,1
458,270,0,1
459,833,17,1
460,751,5,1
461,838,17,1
462,847,5,1
463,629,5,1
464,846,15,1
465,732,16,1
466,864,5,1
467,830,17,1
468,865,5,1
469,850,5,1
470,868,17,1
471,867,17,1
472,876,5,1
473,877,5,1
474,885,5,1
475,878,5,1
476,829,5,1
477,892,5,1
478,879,5,1
479,900,5,1
480,864,0,1
481,902,5,1
482,827,17,1
483,886,17,1
484,901,5,1
485,905,5,1
486,687,5,1
487,910,5,1
488,911,17,1
489,866,5,1
490,805,17,1
491,778,17,1
492,781,17,1
493,722,17,1
494,874,5,1
495,923,17,1
496,928,5,1
497,735,0,1
498,828,5,1
499,922,5,1
500,811,5,1
501,934,5,1
502,888,5,1
503,944,5,1
504,946,5,1
505,270,5,1
506,855,6,1
507,954,17,1
508,927,7,1
509,956,11,1
510,820,7,1
511,961,5,1
512,955,5,1
513,801,7,1
514,965,7,1
515,456,5,1
516,893,7,1
517,926,7,1
518,958,5,1
519,857,5,1
520,720,5,1
521,523,5,1
522,957,6,1
523,800,5,1
524,914,7,1
525,976,5,1
526,841,17,1
527,36,5,1
528,40,5,1
529,849,9,1
530,662,12,1
531,4,7,1
532,44,5,1
533,38,5,1
534,324,9,1
535,930,8,1
536,988,9,1
537,891,9,1
538,986,7,1
539,991,8,1
540,899,7,1
541,541,9,1
542,968,9,1
543,998,7,1
544,990,9,1
545,1004,9,1
546,1001,7,1
547,996,7,1
548,992,12,1
549,872,7,1
550,653,8,1
551,995,9,1
552,883,12,1
553,835,7,1
554,61,5,1
555,1014,9,1
556,18,17,1
557,1017,9,1
558,1019,7,1
559,756,7,1
560,984,8,1
561,1026,7,1
562,774,7,1
563,989,12,1
564,1008,8,1
565,1005,7,1
566,1018,7,1
567,389,17,1
568,300,5,1
569,247,5,1
570,343,5,1
571,396,5,1
572,394,5,1
573,340,5,1
574,358,17,1
575,331,17,1
576,355,5,1
577,382,5,1
578,283,11,1
579,407,5,1
580,403,5,1
581,359,5,1
582,412,5,1
583,418,17,1
584,419,5,1
585,380,17,1
586,383,17,1
587,392,5,1
588,429,17,1
589,432,5,1
590,350,17,1
591,435,17,1
592,430,17,1
593,306,17,1
594,420,5,1
595,314,5,1
596,433,5,1
597,443,5,1
598,447,0,1
599,402,17,1
600,423,5,1
601,463,17,1
602,466,17,1
603,401,17,1
604,391,5,1
605,462,5,1
606,460,17,1
607,454,5,1
608,415,5,1
609,474,0,1
610,475,17,1
611,486,17,1
612,492,17,1
613,417,5,1
614,278,5,1
615,461,5,1
616,481,5,1
617,505,17,1
618,470,5,1
619,509,5,1
620,425,5,1
621,511,5,1
622,487,5,1
623,413,5,1
624,439,17,1
625,518,5,1
626,459,5,1
627,522,17,1
628,524,17,1
629,512,5,1
630,496,17,1
631,476,5,1
632,503,5,1
633,472,5,1
634,448,17,1
635,427,17,1
636,538,17,1
637,305,5,1
638,73,5,1
639,1033,9,1
640,1007,12,1
641,286,6,1
642,1040,9,1
643,1032,7,1
644,938,9,1
645,1043,9,1
646,858,8,1
647,691,12,1
648,1015,9,1
649,1048,7,1
650,1049,9,1
651,917,9,1
652,1054,9,1
653,60,17,1
654,1035,7,1
655,967,12,1
656,975,14,1
657,1063,12,1
658,1053,12,1
659,1064,9,1
660,1037,9,1
661,1068,7,1
662,106,5,1
663,1041,12,1
664,783,9,1
665,645,8,1
666,1075,12,1
667,1073,9,1
668,75,5,1
669,280,9,1
670,973,9,1
671,1076,8,1
672,367,9,1
673,369,7,1
674,747,9,1
675,1082,7,1
676,1069,9,1
677,1051,9,1
678,81,5,1
679,819,8,1
680,680,6,1
681,1087,9,1
682,1088,9,1
683,1084,7,1
684,465,9,1
685,1093,9,1
686,132,5,1
687,1093,0,1
688,284,0,1
689,477,9,1
690,1081,7,1
691,136,5,1
692,100,17,1
693,110,17,1
694,1097,9,1
695,740,14,1
696,139,5,1
697,1036,14,1
698,1102,9,1
699,881,9,1
700,1060,0,1
701,1105,9,1
702,236,8,1
703,53,17,1
704,560,8,1
705,146,5,1
706,1099,7,1
707,945,9,1
708,815,8,1
709,1111,9,1
710,1066,8,1
711,152,17,1
712,1119,7,1
713,91,5,1
714,1115,9,1
715,1034,9,1
716,157,5,1
717,141,5,1
718,839,0,1
719,121,17,1
720,162,5,1
721,1136,7,1
722,1127,9,1
723,1122,9,1
724,806,9,1
725,1121,9,1
726,836,9,1
727,1011,9,1
728,187,5,1
729,1083,12,1
730,7,5,1
731,918,7,1
732,169,17,1
733,411,9,1
734,194,5,1
735,692,9,1
736,736,6,1
737,192,5,1
738,381,8,1
739,184,5,1
740,1147,9,1
741,1148,12,1
742,1144,7,1
743,1125,9,1
744,29,5,1
745,1139,12,1
746,1152,7,1
747,1151,9,1
748,1153,7,1
749,205,5,1
750,203,17,1
751,1158,7,1
752,1154,9,1
753,1134,8,1
754,1169,9,1
755,1168,8,1
756,1175,12,1
757,1172,7,1
758,228,17,1
759,1149,9,1
760,1183,9,1
761,1077,12,1
762,1176,9,1
763,937,9,1
764,1165,7,1
765,1021,9,1
766,1191,7,1
767,227,5,1
768,1044,12,1
769,1192,9,1
770,1193,9,1
771,578,7,1
772,325,14,1
773,1164,9,1
774,464,9,1
775,1170,9,1
776,1197,5,1
777,1013,8,1
778,231,17,1
779,1205,7,1
780,1146,7,1
781,1117,9,1
782,269,5,1
783,1140,14,1
784,1202,7,1
785,1188,9,1
786,444,14,1
787,1213,9,1
788,1156,9,1
789,1217,14,1
790,796,9,1
791,1220,0,1
792,1222,12,1
793,1225,7,1
794,1227,12,1
795,71,8,1
796,1207,9,1
797,712,8,1
798,408,9,1
799,1234,7,1
800,1235,9,1
801,1235,0,1
802,1067,9,1
803,1241,7,1
804,962,9,1
805,1242,9,1
806,1243,14,1
807,319,5,1
808,1091,9,1
809,98,9,1
810,605,9,1
811,1245,7,1
812,336,5,1
813,1250,7,1
814,34,7,1
815,1251,9,1
816,346,5,1
817,1133,6,1
818,349,17,1
819,1239,12,1
820,1219,9,1
821,134,7,1
822,1258,12,1
823,1259,7,1
824,1068,0,1
825,1209,9,1
826,1223,12,1
827,1263,9,1
828,690,9,1
829,342,5,1
830,1283,0,1
831,69,12,1
832,376,5,1
833,338,5,1
834,1254,5,1
835,1289,9,1
836,1160,9,1
837,284,8,1
838,1290,9,1
839,1042,12,1
840,247,5,1
841,1294,9,1
842,899,0,1
843,39,9,1
844,1300,9,1
845,1299,9,1
846,1248,5,1
847,1248,0,1
848,396,5,1
849,394,5,1
850,1262,9,1
851,1278,9,1
852,395,5,1
853,1280,9,1
854,1130,9,1
855,595,9,1
856,398,5,1
857,356,17,1
858,1307,12,1
859,1314,8,1
860,1319,9,1
861,1312,7,1
862,1321,7,1
863,1322,9,1
864,1314,0,1
865,1323,9,1
866,1267,12,1
867,1325,7,1
868,9,9,1
869,1253,12,1
870,410,17,1
871,1291,8,1
872,971,9,1
873,1333,9,1
874,1000,0,1
875,473,9,1
876,1328,0,1
877,1337,9,1
878,1316,7,1
879,1340,9,1
880,380,17,1
881,392,5,1
882,782,7,1
883,1329,10,1
884,1332,7,1
885,1342,9,1
886,1346,9,1
887,1314,1,1
888,1348,0,1
889,1298,9,1
890,1314,2,1
891,406,12,1
892,1339,9,1
893,1356,7,1
894,889,7,1
895,424,7,1
896,1338,9,1
897,352,12,1
898,1358,6,1
899,1314,0,1
900,1228,6,1
901,1349,9,1
902,446,5,1
903,430,17,1
904,1362,7,1
905,1341,12,1
906,1366,9,1
907,235,9,1
908,682,9,1
909,1334,12,1
910,438,17,1
911,834,9,1
912,1371,7,1
913,1177,14,1
914,1270,7,1
915,1329,0,1
916,1373,9,1
917,435,0,1
918,1372,7,1
919,1374,9,1
920,1377,7,1
921,1360,9,1
922,1345,9,1
923,1211,14,1
924,1382,7,1
925,899,0,1
926,229,5,1
927,457,17,1
928,1129,7,1
929,1390,9,1
930,483,5,1
931,458,17,1
932,1392,9,1
933,1407,7,1
934,1350,7,1
935,1393,12,1
936,1118,8,1
937,1389,5,1
938,1415,7,1
939,215,7,1
940,1416,9,1
941,461,5,1
942,1400,0,1
943,470,5,1
944,1364,9,1
945,1417,12,1
946,1419,7,1
947,1421,8,1
948,1420,9,1
949,1095,6,1
950,488,17,1
951,1336,9,1
952,1317,5,1
953,518,5,1
954,459,5,1
955,1418,9,1
956,1427,9,1
957,544,5,1
958,528,17,1
959,542,5,1
960,295,5,1
961,1434,12,1
962,1437,12,1
963,548,17,1
964,479,5,1
965,1126,7,1
966,1383,12,1
967,602,9,1
968,1431,9,1
969,1412,5,1
970,494,5,1
971,1443,9,1
972,1444,9,1
973,1126,0,1
974,753,7,1
975,562,5,1
976,524,17,1
977,529,5,1
978,574,5,1
979,579,5,1
980,1451,9,1
981,588,5,1
982,1352,8,1
983,848,12,1
984,1429,12,1
985,1395,7,1
986,1424,9,1
987,1457,7,1
988,1462,9,1
989,1238,8,1
990,565,5,1
991,1437,0,1
992,1470,9,1
993,1433,0,1
994,863,9,1
995,1472,9,1
996,1473,7,1
997,1475,9,1
998,1474,7,1
999,1331,8,1
1000,1409,17,1
1001,903,17,1
1002,596,5,1
1003,1452,14,1
1004,604,17,1
1005,1485,9,1
1006,1486,7,1
1007,1490,7,1
1008,517,5,1
1009,909,5,1
1010,1116,9,1
1011,1499,7,1
1012,1493,7,1
1013,1500,9,1
1014,1503,17,1
1015,1492,7,1
1016,370,12,1
1017,1505,7,1
1018,1507,7,1
1019,1510,9,1
1020,619,17,1
1021,620,17,1
1022,1515,9,1
1023,1514,12,1
1024,1516,9,1
1025,6,5,1
1026,1304,7,1
1027,1460,7,1
1028,643,5,1
1029,1511,7,1
1030,1094,7,1
1031,299,5,1
1032,1510,0,1
1033,1532,7,1
1034,1533,9,1
1035,1458,8,1
1036,1540,9,1
1037,1543,9,1
1038,1385,12,1
1039,1509,12,1
1040,1547,9,1
1041,1113,9,1
1042,1552,9,1
1043,1544,8,1
1044,899,0,1
1045,1557,9,1
1046,1551,8,1
1047,1558,9,1
1048,1464,9,1
1049,1501,8,1
1050,1556,12,1
1051,1519,5,1
1052,1388,7,1
1053,1564,7,1
1054,1567,7,1
1055,1568,8,1
1056,644,5,1
1057,1510,0,1
1058,1569,17,1
1059,663,5,1
1060,1562,9,1
1061,1574,7,1
1062,276,5,1
1063,1588,12,1
1064,1375,7,1
1065,1590,7,1
1066,678,5,1
1067,1446,6,1
1068,1589,12,1
1069,1181,8,1
1070,1581,9,1
1071,1609,7,1
1072,1582,12,1
1073,1477,9,1
1074,1526,7,1
1075,696,5,1
1076,698,5,1
1077,1616,9,1
1078,670,12,1
1079,1620,6,1
1080,699,5,1
1081,704,5,1
1082,1619,8,1
1083,266,5,1
1084,1584,8,1
1085,1625,8,1
1086,716,5,1
1087,502,5,1
1088,737,5,1
1089,1628,7,1
1090,768,5,1
1091,776,5,1
1092,1636,9,1
1093,771,17,1
1094,718,5,1
1095,1570,7,1
1096,1494,9,1
1097,1629,8,1
1098,1520,12,1
1099,1646,8,1
1100,703,5,1
1101,1504,8,1
1102,821,17,1
1103,1598,8,1
1104,1632,12,1
1105,583,9,1
1106,1481,8,1
1107,693,17,1
1108,711,17,1
1109,219,9,1
1110,847,5,1
1111,750,17,1
1112,864,5,1
1113,1658,9,1
1114,865,5,1
1115,873,5,1
1116,793,17,1
1117,754,7,1
1118,876,5,1
1119,885,5,1
1120,1376,7,1
1121,1399,7,1
1122,1387,12,1
1123,1633,9,1
1124,1667,14,1
1125,1600,8,1
1126,1666,0,1
1127,1635,12,1
1128,1663,1,1
1129,772,5,1
1130,905,5,1
1131,1672,9,1
1132,1670,12,1
1133,1669,9,1
1134,1673,0,1
1135,1673,9,1
1136,1050,9,1
1137,1318,8,1
1138,1675,14,1
1139,1676,17,1
1140,946,5,1
1141,1681,17,1
1142,827,17,1
1143,948,17,1
1144,866,5,1
1145,830,17,1
1146,1597,5,1
1147,1662,9,1
1148,916,5,1
1149,788,5,1
1150,845,5,1
1151,940,5,1
1152,1689,9,1
1153,1615,17,1
1154,801,7,1
1155,1638,9,1
1156,1693,17,1
1157,958,5,1
1158,1688,9,1
1159,1698,17,1
1160,51,5,1
1161,36,5,1
1162,977,5,1
1163,781,17,1
1164,1700,9,1
1165,1162,17,1
1166,1605,8,1
1167,722,17,1
1168,1705,17,1
1169,820,7,1
1170,1707,17,1
1171,724,7,1
1172,582,9,1
1173,1155,9,1
1174,968,9,1
1175,983,9,1
1176,62,5,1
1177,1482,9,1
1178,999,16,1
1179,942,7,1
1180,893,7,1
1181,1677,17,1
1182,1030,9,1
1183,969,12,1
1184,841,17,1
1185,1026,7,1
1186,73,5,1
1187,1722,12,1
1188,1720,17,1
1189,1725,5,1
1190,1454,17,1
1191,1365,9,1
1192,1724,9,1
1193,1015,9,1
1194,1683,9,1
1195,1733,9,1
1196,780,9,1
1197,1046,9,1
1198,1668,0,1
1199,1732,9,1
1200,1650,9,1
1201,1738,12,1
1202,1735,12,1
1203,1737,9,1
1204,109,5,1
1205,1741,9,1
1206,837,7,1
1207,1744,12,1
1208,1068,7,1
1209,1671,17,1
1210,1743,17,1
1211,1751,9,1
1212,1691,17,1
1213,1758,12,1
1214,1760,9,1
1215,1764,9,1
1216,1450,12,1
1217,1754,17,1
1218,1776,9,1
1219,1777,9,1
1220,1781,9,1
1221,1084,7,1
1222,1784,9,1
1223,1092,7,1
1224,1797,9,1
1225,1793,5,1
1226,741,17,1
1227,1787,17,1
1228,1779,9,1
1229,1694,17,1
1230,1703,12,1
1231,1806,9,1
1232,1795,17,1
1233,1808,14,1
1234,146,5,1
1235,1799,0,1
1236,1237,9,1
1237,1788,5,1
1238,1767,12,1
1239,1764,0,1
1240,945,9,1
1241,155,5,1
1242,1798,9,1
1243,1742,17,1
1244,1789,9,1
1245,27,12,1
1246,1819,12,1
1247,1782,12,1
1248,1775,9,1
1249,1812,9,1
1250,978,12,1
1251,1828,9,1
1252,1832,9,1
1253,1739,17,1
1254,129,5,1
1255,157,5,1
1256,158,5,1
1257,674,9,1
1258,1816,9,1
1259,1846,9,1
1260,1074,7,1
1261,1136,7,1
1262,1838,9,1
1263,1847,0,1
1264,836,9,1
1265,1821,5,1
1266,1121,9,1
1267,1765,5,1
1268,633,5,1
1269,1785,13,1
1270,1829,5,1
1271,1843,17,1
1272,187,5,1
1273,1831,0,1
1274,169,17,1
1275,1853,5,1
1276,1823,9,1
1277,192,5,1
1278,515,5,1
1279,1804,0,1
1280,1862,5,1
1281,1692,16,1
1282,1861,17,1
1283,1147,9,1
1284,1863,5,1
1285,29,5,1
1286,1854,5,1
1287,1778,5,1
1288,1773,17,1
1289,1876,5,1
1290,1878,5,1
1291,1877,5,1
1292,918,7,1
1293,1881,5,1
1294,1860,5,1
1295,165,17,1
1296,1112,9,1
1297,1144,7,1
1298,1874,0,1
1299,1176,9,1
1300,1885,17,1
1301,1149,9,1
1302,1865,5,1
1303,1889,17,1
1304,1021,9,1
1305,1167,5,1
1306,1891,5,1
1307,1610,5,1
1308,3,14,1
1309,1814,17,1
1310,1888,5,1
1311,464,9,1
1312,1197,5,1
1313,372,5,1
1314,1901,5,1
1315,1902,5,1
1316,1855,17,1
1317,1905,5,1
1318,1907,5,1
1319,1414,5,1
1320,1909,5,1
1321,1179,7,1
1322,1848,17,1
1323,796,9,1
1324,1918,5,1
1325,1923,5,1
1326,1914,15,1
1327,1190,7,1
1328,1380,5,1
1329,1928,17,1
1330,1216,9,1
1331,1916,5,1
1332,1932,5,1
1333,408,9,1
1334,1922,17,1
1335,1927,5,1
1336,1933,5,1
1337,1215,9,1
1338,1221,9,1
1339,544,5,1
1340,546,5,1
1341,489,17,1
1342,537,5,1
1343,551,5,1
1344,479,5,1
1345,493,5,1
1346,545,5,1
1347,555,17,1
1348,557,5,1
1349,562,5,1
1350,558,17,1
1351,568,2,1
1352,494,5,1
1353,529,5,1
1354,455,5,1
1355,569,5,1
1356,480,11,1
1357,536,5,1
1358,535,5,1
1359,581,17,1
1360,375,17,1
1361,14,5,1
1362,585,5,1
1363,326,5,1
1364,588,5,1
1365,584,13,1
1366,554,5,1
1367,516,5,1
1368,589,17,1
1369,603,5,1
1370,599,17,1
1371,395,0,1
1372,604,17,1
1373,547,5,1
1374,597,17,1
1375,608,5,1
1376,609,17,1
1377,549,17,1
1378,611,5,1
1379,596,5,1
1380,619,17,1
1381,613,5,1
1382,601,0,1
1383,614,5,1
1384,624,5,1
1385,563,5,1
1386,517,5,1
1387,627,5,1
1388,626,5,1
1389,440,5,1
1390,631,5,1
1391,618,17,1
1392,624,0,1
1393,620,17,1
1394,625,5,1
1395,635,5,1
1396,592,17,1
1397,643,5,1
1398,120,5,1
1399,646,17,1
1400,540,5,1
1401,648,5,1
1402,657,5,1
1403,644,5,1
1404,663,5,1
1405,665,5,1
1406,667,17,1
1407,513,5,1
1408,668,13,1
1409,673,5,1
1410,1871,5,1
1411,1091,9,1
1412,1241,7,1
1413,93,5,1
1414,335,5,1
1415,605,9,1
1416,1020,17,1
1417,1944,17,1
1418,1251,9,1
1419,296,5,1
1420,1947,5,1
1421,1948,5,1
1422,349,17,1
1423,1220,9,1
1424,1586,5,1
1425,1938,5,1
1426,1957,5,1
1427,315,5,1
1428,1964,5,1
1429,1940,0,1
1430,1950,5,1
1431,1960,17,1
1432,320,5,1
1433,1968,5,1
1434,332,17,1
1435,1513,5,1
1436,342,5,1
1437,376,5,1
1438,1873,17,1
1439,1286,9,1
1440,1250,7,1
1441,34,7,1
1442,1953,5,1
1443,1224,17,1
1444,247,5,1
1445,1248,5,1
1446,1262,9,1
1447,1975,5,1
1448,1979,5,1
1449,1929,5,1
1450,1980,5,1
1451,1982,5,1
1452,1961,0,1
1453,641,5,1
1454,115,5,1
1455,396,5,1
1456,1300,9,1
1457,1985,17,1
1458,904,5,1
1459,1809,5,1
1460,1986,5,1
1461,395,5,1
1462,1994,17,1
1463,672,5,1
1464,1312,7,1
1465,1981,0,1
1466,1721,17,1
1467,1750,17,1
1468,1978,5,1
1469,1987,17,1
1470,1910,5,1
1471,2004,17,1
1472,2005,5,1
1473,264,5,1
1474,2010,5,1
1475,111,5,1
1476,1315,9,1
1477,1342,9,1
1478,1402,7,1
1479,2016,5,1
1480,2017,5,1
1481,497,16,1
1482,666,17,1
1483,679,5,1
1484,685,17,1
1485,688,17,1
1486,684,11,1
1487,697,5,1
1488,698,5,1
1489,686,5,1
1490,702,5,1
1491,647,5,1
1492,711,17,1
1493,725,5,1
1494,719,5,1
1495,710,17,1
1496,676,0,1
1497,721,17,1
1498,737,0,1
1499,744,5,1
1500,750,17,1
1501,752,5,1
1502,761,17,1
1503,771,17,1
1504,739,5,1
1505,677,17,1
1506,776,5,1
1507,779,5,1
1508,654,5,1
1509,775,17,1
1510,767,5,1
1511,793,17,1
1512,795,5,1
1513,798,5,1
1514,709,17,1
1515,707,5,1
1516,703,5,1
1517,329,17,1
1518,821,17,1
1519,766,0,1
1520,764,5,1
1521,587,17,1
1522,853,17,1
1523,729,5,1
1524,861,5,1
1525,792,11,1
1526,862,17,1
1527,851,17,1
1528,706,13,1
1529,869,17,1
1530,873,5,1
1531,773,17,1
1532,816,0,1
1533,877,0,1
1534,823,5,1
1535,887,5,1
1536,854,15,1
1537,895,5,1
1538,844,5,1
1539,817,5,1
1540,193,5,1
1541,772,5,1
1542,908,5,1
1543,814,17,1
1544,723,5,1
1545,912,17,1
1546,178,17,1
1547,921,5,1
1548,749,17,1
1549,919,17,1
1550,933,17,1
1551,931,17,1
1552,920,16,1
1553,896,17,1
1554,906,5,1
1555,935,17,1
1556,790,5,1
1557,948,17,1
1558,950,7,1
1559,794,5,1
1560,760,7,1
1561,953,7,1
1562,856,7,1
1563,929,7,1
1564,788,5,1
1565,845,5,1
1566,925,6,1
1567,940,5,1
1568,916,5,1
1569,745,6,1
1570,966,7,1
1571,681,5,1
1572,942,7,1
1573,964,5,1
1574,791,8,1
1575,898,5,1
1576,952,5,1
1577,51,5,1
1578,80,5,1
1579,977,5,1
1580,963,5,1
1581,882,17,1
1582,843,7,1
1583,724,7,1
1584,582,9,1
1585,915,14,1
1586,987,8,1
1587,50,5,1
1588,982,12,1
1589,985,9,1
1590,840,9,1
1591,884,7,1
1592,983,9,1
1593,1000,6,1
1594,1010,9,1
1595,959,9,1
1596,787,12,1
1597,1012,17,1
1598,62,5,1
1599,860,9,1
1600,972,9,1
1601,257,12,1
1602,24,17,1
1603,20,17,1
1604,997,7,1
1605,153,8,1
1606,1009,9,1
1607,1022,6,1
1608,757,9,1
1609,520,8,1
1610,837,7,1
1611,1030,9,1
1612,960,9,1
1613,1039,5,1
1614,924,7,1
1615,780,9,1
1616,970,14,1
1617,1046,9,1
1618,1031,12,1
1619,1047,12,1
1620,56,5,1
1621,979,9,1
1622,1983,17,1
1623,2023,5,1
1624,2024,17,1
1625,2025,17,1
1626,1989,13,1
1627,682,9,1
1628,2008,17,1
1629,1898,11,1
1630,1958,5,1
1631,1966,17,1
1632,2031,5,1
1633,446,5,1
1634,2033,5,1
1635,424,7,1
1636,450,17,1
1637,1359,9,1
1638,1052,5,1
1639,2036,5,1
1640,2041,5,1
1641,2032,17,1
1642,1279,9,1
1643,913,5,1
1644,2048,11,1
1645,2049,17,1
1646,1189,5,1
1647,2047,17,1
1648,994,17,1
1649,2053,17,1
1650,2055,11,1
1651,2046,17,1
1652,2042,0,1
1653,1252,9,1
1654,1355,17,1
1655,2057,5,1
1656,1925,17,1
1657,2000,5,1
1658,2022,17,1
1659,1403,9,1
1660,435,17,1
1661,1372,7,1
1662,463,17,1
1663,457,17,1
1664,1377,7,1
1665,1381,7,1
1666,1394,15,1
1667,2074,5,1
1668,483,5,1
1669,483,5,1
1670,229,5,1
1671,364,5,1
1672,364,5,1
1673,1386,9,1
1674,1326,9,1
1675,1363,9,1
1676,1363,9,1
1677,2077,5,1
1678,2069,5,1
1679,1602,5,1
1680,2062,5,1
1681,2026,5,1
1682,2098,5,1
1683,2096,0,1
1684,2099,5,1
1685,1416,9,1
1686,510,5,1
1687,294,17,1
1688,1408,7,1
1689,1752,5,1
1690,1420,9,1
1691,2020,17,1
1692,1055,14,1
1693,1057,9,1
1694,890,9,1
1695,74,5,1
1696,993,12,1
1697,1059,9,1
1698,94,5,1
1699,1065,12,1
1700,731,9,1
1701,109,5,1
1702,759,7,1
1703,72,17,1
1704,1070,9,1
1705,730,17,1
1706,870,14,1
1707,807,12,1
1708,1038,9,1
1709,261,12,1
1710,859,9,1
1711,572,9,1
1712,1023,9,1
1713,894,12,1
1714,612,9,1
1715,1079,9,1
1716,1058,9,1
1717,747,0,1
1718,1029,9,1
1719,1071,9,1
1720,1085,9,1
1721,669,7,1
1722,128,5,1
1723,804,9,1
1724,1086,9,1
1725,1080,6,1
1726,1078,9,1
1727,1092,7,1
1728,1093,0,1
1729,64,17,1
1730,124,5,1
1731,1096,7,1
1732,12,17,1
1733,149,5,1
1734,1101,14,1
1735,762,12,1
1736,1107,7,1
1737,155,5,1
1738,1110,7,1
1739,1109,9,1
1740,1111,9,1
1741,777,6,1
1742,1002,9,1
1743,1028,12,1
1744,615,8,1
1745,298,9,1
1746,1123,12,1
1747,813,8,1
1748,1045,7,1
1749,129,5,1
1750,158,5,1
1751,674,9,1
1752,1132,7,1
1753,31,17,1
1754,1103,12,1
1755,949,8,1
1756,1074,7,1
1757,765,5,1
1758,1131,5,1
1759,267,12,1
1760,144,17,1
1761,179,5,1
1762,2104,5,1
1763,1418,9,1
1764,2106,5,1
1765,2092,5,1
1766,1246,17,1
1767,2079,5,1
1768,2091,17,1
1769,1919,17,1
1770,2082,17,1
1771,1415,7,1
1772,1904,17,1
1773,1427,9,1
1774,2122,5,1
1775,504,17,1
1776,305,5,1
1777,546,5,1
1778,2102,5,1
1779,1422,7,1
1780,1433,7,1
1781,2128,5,1
1782,2084,17,1
1783,2080,0,1
1784,2037,16,1
1785,2130,17,1
1786,1443,9,1
1787,562,5,1
1788,2069,0,1
1789,1984,5,1
1790,2140,17,1
1791,524,17,1
1792,1203,5,1
1793,2142,17,1
1794,2121,5,1
1795,529,5,1
1796,2029,5,1
1797,2147,17,1
1798,753,7,1
1799,2148,17,1
1800,579,5,1
1801,2119,17,1
1802,2152,17,1
1803,2073,17,1
1804,1897,0,1
1805,1897,5,1
1806,2070,17,1
1807,2161,17,1
1808,1126,7,1
1809,2163,5,1
1810,1424,9,1
1811,2149,5,1
1812,2095,17,1
1813,1839,17,1
1814,555,17,1
1815,2096,0,1
1816,1453,9,1
1817,2156,5,1
1818,2034,17,1
1819,2145,5,1
1820,2116,15,1
1821,1395,7,1
1822,1398,5,1
1823,2178,5,1
1824,2182,17,1
1825,831,5,1
1826,2056,17,1
1827,1311,5,1
1828,1405,5,1
1829,611,5,1
1830,2179,5,1
1831,1124,17,1
1832,1060,9,1
1833,116,5,1
1834,734,9,1
1835,1100,9,1
1836,1142,12,1
1837,1137,12,1
1838,533,9,1
1839,758,7,1
1840,1106,8,1
1841,1090,9,1
1842,1108,9,1
1843,968,0,1
1844,852,7,1
1845,1161,9,1
1846,165,17,1
1847,1166,9,1
1848,1112,9,1
1849,216,5,1
1850,200,17,1
1851,1178,17,1
1852,123,17,1
1853,195,17,1
1854,1120,9,1
1855,1163,7,1
1856,1180,5,1
1857,622,8,1
1858,204,17,1
1859,1179,7,1
1860,1173,12,1
1861,23,5,1
1862,1056,8,1
1863,1184,9,1
1864,1195,9,1
1865,1098,8,1
1866,252,5,1
1867,1190,7,1
1868,1185,9,1
1869,1157,9,1
1870,1196,9,1
1871,1138,7,1
1872,1204,7,1
1873,1187,14,1
1874,1186,9,1
1875,372,5,1
1876,264,5,1
1877,1208,9,1
1878,186,7,1
1879,1214,17,1
1880,1006,9,1
1881,1199,7,1
1882,1174,9,1
1883,1187,0,1
1884,1218,9,1
1885,733,12,1
1886,208,17,1
1887,1210,12,1
1888,1216,9,1
1889,1231,12,1
1890,593,9,1
1891,1212,9,1
1892,1233,6,1
1893,209,17,1
1894,288,17,1
1895,241,17,1
1896,1236,14,1
1897,1215,9,1
1898,1221,9,1
1899,1240,17,1
1900,263,12,1
1901,822,7,1
1902,2186,5,1
1903,1475,9,1
1904,2158,17,1
1905,2189,17,1
1906,2170,17,1
1907,519,9,1
1908,2144,17,1
1909,604,17,1
1910,1484,9,1
1911,2187,5,1
1912,1486,7,1
1913,563,5,1
1914,2075,17,1
1915,627,5,1
1916,909,5,1
1917,2039,17,1
1918,2198,5,1
1919,695,17,1
1920,2192,5,1
1921,2202,5,1
1922,2113,17,1
1923,2120,17,1
1924,1473,7,1
1925,1492,7,1
1926,1510,9,1
1927,2207,5,1
1928,2217,17,1
1929,2196,5,1
1930,1512,17,1
1931,2201,17,1
1932,2199,16,1
1933,2220,5,1
1934,1893,17,1
1935,1685,5,1
1936,2215,16,1
1937,643,5,1
1938,2200,0,1
1939,538,17,1
1940,2216,5,1
1941,2210,17,1
1942,2230,17,1
1943,1537,9,1
1944,2236,5,1
1945,1538,7,1
1946,2238,5,1
1947,2225,17,1
1948,2228,5,1
1949,6,5,1
1950,2125,5,1
1951,2218,5,1
1952,2223,0,1
1953,1304,17,1
1954,2242,5,1
1955,1523,7,1
1956,2243,17,1
1957,2107,5,1
1958,2248,5,1
1959,2250,5,1
1960,2204,5,1
1961,2247,17,1
1962,1388,7,1
1963,663,5,1
1964,47,5,1
1965,2240,17,1
1966,2265,5,1
1967,114,9,1
1968,573,5,1
1969,2253,17,1
1970,2268,5,1
1971,1590,7,1
1972,1226,7,1
1973,1247,12,1
1974,296,5,1
1975,1249,12,1
1976,598,5,1
1977,335,5,1
1978,8,9,1
1979,539,7,1
1980,1251,0,1
1981,97,5,1
1982,1256,9,1
1983,664,12,1
1984,1257,12,1
1985,309,17,1
1986,660,7,1
1987,567,6,1
1988,353,5,1
1989,1220,9,1
1990,1265,9,1
1991,1266,12,1
1992,1264,8,1
1993,315,5,1
1994,1269,9,1
1995,365,17,1
1996,1171,12,1
1997,1274,7,1
1998,1276,9,1
1999,332,17,1
2000,1159,9,1
2001,1277,9,1
2002,320,5,1
2003,1286,9,1
2004,1285,9,1
2005,1287,7,1
2006,1281,7,1
2007,293,5,1
2008,1292,9,1
2009,287,5,1
2010,1295,7,1
2011,1232,5,1
2012,1297,5,1
2013,1303,9,1
2014,1200,12,1
2015,382,5,1
2016,1271,12,1
2017,1282,9,1
2018,1141,7,1
2019,25,17,1
2020,1313,7,1
2021,904,5,1
2022,436,9,1
2023,1314,3,1
2024,1293,0,1
2025,1293,9,1
2026,672,5,1
2027,1198,7,1
2028,980,5,1
2029,1314,0,1
2030,1301,9,1
2031,1314,0,1
2032,1328,8,1
2033,1327,17,1
2034,1305,12,1
2035,1252,9,1
2036,1296,12,1
2037,1308,5,1
2038,769,9,1
2039,1268,7,1
2040,974,12,1
2041,1324,7,1
2042,2193,5,1
2043,2249,5,1
2044,1062,5,1
2045,678,5,1
2046,1955,17,1
2047,2280,5,1
2048,2282,5,1
2049,2278,17,1
2050,2137,17,1
2051,341,9,1
2052,550,15,1
2053,2287,5,1
2054,2286,5,1
2055,784,5,1
2056,686,5,1
2057,1024,5,1
2058,2281,0,1
2059,2263,11,1
2060,2136,5,1
2061,1375,7,1
2062,702,5,1
2063,2072,2,1
2064,266,5,1
2065,2224,5,1
2066,768,5,1
2067,2302,0,1
2068,746,5,1
2069,2076,5,1
2070,2303,5,1
2071,1628,7,1
2072,2307,17,1
2073,2273,5,1
2074,2295,5,1
2075,2288,5,1
2076,219,9,1
2077,1658,9,1
2078,865,5,1
2079,873,5,1
2080,2326,5,1
2081,1376,7,1
2082,1399,7,1
2083,2333,5,1
2084,442,5,1
2085,1644,17,1
2086,2335,11,1
2087,817,5,1
2088,2342,5,1
2089,2027,5,1
2090,1273,9,1
2091,723,5,1
2092,1681,17,1
2093,2349,16,1
2094,2356,5,1
2095,1662,9,1
2096,2339,17,1
2097,1679,9,1
2098,2372,5,1
2099,2325,17,1
2100,2296,17,1
2101,2388,5,1
2102,2112,5,1
2103,2394,5,1
2104,2389,5,1
2105,2382,5,1
2106,1912,17,1
2107,2401,5,1
2108,2367,5,1
2109,2002,17,1
2110,1687,9,1
2111,2308,5,1
2112,2406,5,1
2113,1194,12,1
2114,1306,9,1
2115,1288,9,1
2116,1230,7,1
2117,1275,5,1
2118,1279,9,1
2119,1315,9,1
2120,1344,7,1
2121,452,8,1
2122,431,5,1
2123,225,5,1
2124,1347,9,1
2125,414,5,1
2126,656,5,1
2127,1330,9,1
2128,1357,6,1
2129,1309,7,1
2130,420,5,1
2131,1261,14,1
2132,450,17,1
2133,1370,12,1
2134,1359,9,1
2135,897,7,1
2136,1371,0,1
2137,1283,9,1
2138,435,17,1
2139,1351,9,1
2140,1379,14,1
2141,1367,12,1
2142,1354,6,1
2143,423,5,1
2144,1381,7,1
2145,318,17,1
2146,466,17,1
2147,1386,9,1
2148,1326,9,1
2149,1072,7,1
2150,1391,7,1
2151,1363,9,1
2152,763,9,1
2153,1310,5,1
2154,1397,9,1
2155,364,5,1
2156,1403,9,1
2157,463,17,1
2158,486,17,1
2159,68,9,1
2160,1408,7,1
2161,294,17,1
2162,1410,9,1
2163,490,5,1
2164,1406,9,1
2165,617,9,1
2166,421,5,1
2167,291,9,1
2168,481,5,1
2169,510,5,1
2170,1422,7,1
2171,1401,9,1
2172,1423,9,1
2173,1384,9,1
2174,305,5,1
2175,1428,9,1
2176,546,5,1
2177,1411,9,1
2178,1433,7,1
2179,1435,12,1
2180,1436,12,1
2181,339,9,1
2182,1438,7,1
2183,1441,7,1
2184,439,17,1
2185,1433,0,1
2186,405,17,1
2187,661,8,1
2188,553,17,1
2189,1437,0,1
2190,1335,14,1
2191,558,17,1
2192,1302,9,1
2193,1143,8,1
2194,570,17,1
2195,1448,9,1
2196,14,5,1
2197,507,5,1
2198,590,5,1
2199,516,5,1
2200,1453,9,1
2201,555,17,1
2202,726,8,1
2203,1126,0,1
2204,1447,9,1
2205,576,5,1
2206,951,12,1
2207,616,5,1
2208,1466,9,1
2209,597,17,1
2210,1469,0,1
2211,826,12,1
2212,1461,12,1
2213,611,5,1
2214,1467,8,1
2215,1447,0,1
2216,1468,7,1
2217,1476,9,1
2218,1425,7,1
2219,519,9,1
2220,514,17,1
2221,1484,9,1
2222,1485,0,1
2223,563,5,1
2224,1488,7,1
2225,1478,5,1
2226,1426,9,1
2227,627,5,1
2228,1497,7,1
2229,1229,12,1
2230,631,5,1
2231,1495,9,1
2232,625,5,1
2233,1487,0,1
2234,1502,9,1
2235,1027,12,1
2236,1510,0,1
2237,1483,9,1
2238,1491,8,1
2239,630,17,1
2240,1016,7,1
2241,1512,17,1
2242,1480,7,1
2243,1517,9,1
2244,1522,9,1
2245,1521,9,1
2246,1523,7,1
2247,1524,12,1
2248,1527,9,1
2249,1523,0,1
2250,1537,9,1
2251,1538,7,1
2252,1539,6,1
2253,638,17,1
2254,1510,0,1
2255,1529,9,1
2256,655,5,1
2257,1455,12,1
2258,606,17,1
2259,606,17,1
2260,1320,9,1
2261,1545,7,1
2262,1530,9,1
2263,1548,7,1
2264,1535,9,1
2265,1528,9,1
2266,1555,8,1
2267,1554,9,1
2268,1525,8,1
2269,1560,7,1
2270,1565,12,1
2271,1559,8,1
2272,1565,0,1
2273,640,6,1
2274,1510,0,1
2275,1550,9,1
2276,1572,8,1
2277,1573,7,1
2278,1563,12,1
2279,1396,7,1
2280,1583,12,1
2281,1587,9,1
2282,1585,8,1
2283,114,9,1
2284,1518,17,1
2285,1591,14,1
2286,1561,8,1
2287,1114,7,1
2288,658,17,1
2289,1549,7,1
2290,1575,8,1
2291,1595,8,1
2292,552,5,1
2293,1601,12,1
2294,1061,9,1
2295,1442,9,1
2296,666,17,1
2297,688,17,1
2298,341,9,1
2299,1608,7,1
2300,1613,7,1
2301,697,5,1
2302,939,8,1
2303,49,7,1
2304,1623,9,1
2305,686,5,1
2306,1626,9,1
2307,1353,5,1
2308,1546,4,1
2309,702,5,1
2310,1553,7,1
2311,1612,9,1
2312,1594,7,1
2313,746,5,1
2314,752,5,1
2315,1592,12,1
2316,1284,8,1
2317,770,5,1
2318,1637,7,1
2319,654,5,1
2320,786,5,1
2321,797,5,1
2322,1641,7,1
2323,1627,7,1
2324,1644,17,1
2325,1368,9,1
2326,809,5,1
2327,808,5,1
2328,1449,9,1
2329,1648,7,1
2330,981,9,1
2331,1571,9,1
2332,600,5,1
2333,833,17,1
2334,714,17,1
2335,710,17,1
2336,1653,9,1
2337,1655,7,1
2338,629,5,1
2339,1657,9,1
2340,1659,9,1
2341,1660,12,1
2342,1578,5,1
2343,1496,9,1
2344,867,17,1
2345,1439,7,1
2346,1607,7,1
2347,1664,9,1
2348,878,5,1
2349,803,17,1
2350,944,5,1
2351,1663,8,1
2352,811,5,1
2353,1665,12,1
2354,832,9,1
2355,817,5,1
2356,671,17,1
2357,1649,9,1
2358,1273,9,1
2359,1682,17,1
2360,723,5,1
2361,862,17,1
2362,1684,17,1
2363,888,5,1
2364,1647,9,1
2365,932,5,1
2366,1679,9,1
2367,929,7,1
2368,1687,9,1
2369,1640,17,1
2370,720,5,1
2371,955,5,1
2372,1531,17,1
2373,1634,9,1
2374,1697,17,1
2375,952,5,1
2376,1699,9,1
2377,805,17,1
2378,1430,9,1
2379,1580,9,1
2380,1701,11,1
2381,44,5,1
2382,760,7,1
2383,1706,9,1
2384,882,17,1
2385,891,9,1
2386,321,12,1
2387,1678,9,1
2388,1710,17,1
2389,50,5,1
2390,1695,9,1
2391,1674,14,1
2392,1702,9,1
2393,1712,17,1
2394,899,7,1
2395,1624,9,1
2396,1713,17,1
2397,990,9,1
2398,1004,9,1
2399,1715,9,1
2400,1714,17,1
2401,1182,7,1
2402,972,9,1
2403,1714,0,1
2404,1714,0,1
2405,835,7,1
2406,1643,17,1
2407,1718,16,1
2408,1631,9,1
2409,1686,9,1
2410,1404,9,1
2411,4,7,1
2412,1413,9,1
2413,843,7,1
2414,1719,5,1
2415,986,7,1
2416,56,5,1
2417,1734,12,1
2418,1049,9,1
2419,996,7,1
2420,1709,14,1
2421,1717,17,1
2422,1668,9,1
2423,1736,17,1
2424,1059,9,1
2425,612,9,1
2426,1070,9,1
2427,1745,12,1
2428,1729,17,1
2429,1032,7,1
2430,1604,17,1
2431,1746,17,1
2432,75,5,1
2433,1749,9,1
2434,1651,15,1
2435,1611,9,1
2436,1753,12,1
2437,1730,9,1
2438,1726,17,1
2439,1755,15,1
2440,1711,5,1
2441,1757,9,1
2442,1723,9,1
2443,1759,12,1
2444,1768,9,1
2445,804,9,1
2446,1772,9,1
2447,669,7,1
2448,1761,17,1
2449,1089,9,1
2450,1088,9,1
2451,1093,9,1
2452,1680,12,1
2453,1747,16,1
2454,1762,12,1
2455,1663,0,1
2456,1786,9,1
2457,1790,9,1
2458,1796,17,1
2459,1802,12,1
2460,1803,0,1
2461,701,9,1
2462,1696,9,1
2463,1805,9,1
2464,1763,17,1
2465,369,7,1
2466,1807,9,1
2467,1799,12,1
2468,1801,0,1
2469,1784,0,1
2470,1813,14,1
2471,556,12,1
2472,1728,12,1
2473,1817,17,1
2474,1111,9,1
2475,1110,7,1
2476,1790,0,1
2477,1748,9,1
2478,1822,9,1
2479,1818,9,1
2480,1824,9,1
2481,1794,9,1
2482,1827,17,1
2483,1811,12,1
2484,1833,9,1
2485,1834,0,1
2486,1835,17,1
2487,141,5,1
2488,1834,9,1
2489,1541,9,1
2490,1791,14,1
2491,1836,17,1
2492,409,17,1
2493,1837,12,1
2494,1766,12,1
2495,1840,9,1
2496,1842,9,1
2497,1771,5,1
2498,1849,5,1
2499,1845,17,1
2500,1536,5,1
2501,1851,5,1
2502,1852,5,1
2503,1831,17,1
2504,7,5,1
2505,116,5,1
2506,734,9,1
2507,1792,5,1
2508,1856,5,1
2509,1830,9,1
2510,1857,5,1
2511,1645,13,1
2512,1841,5,1
2513,1866,5,1
2514,1867,5,1
2515,1826,17,1
2516,1870,5,1
2517,1825,0,1
2518,852,7,1
2519,1820,5,1
2520,1153,7,1
2521,1874,5,1
2522,1783,12,1
2523,1844,5,1
2524,1343,17,1
2525,1868,17,1
2526,1883,5,1
2527,1882,5,1
2528,216,5,1
2529,2,5,1
2530,1456,17,1
2531,228,17,1
2532,204,17,1
2533,1874,0,1
2534,1180,5,1
2535,1769,17,1
2536,1178,17,1
2537,1890,5,1
2538,1886,17,1
2539,1579,5,1
2540,1165,7,1
2541,1610,5,1
2542,1895,5,1
2543,1884,5,1
2544,1887,17,1
2545,1193,9,1
2546,1164,9,1
2547,1157,9,1
2548,231,17,1
2549,1850,5,1
2550,252,5,1
2551,1900,5,1
2552,156,16,1
2553,1196,9,1
2554,1690,5,1
2555,1879,5,1
2556,208,17,1
2557,1740,5,1
2558,1917,0,1
2559,1917,5,1
2560,1917,0,1
2561,1780,17,1
2562,1915,17,1
2563,1894,17,1
2564,1923,5,1
2565,1380,0,1
2566,1921,5,1
2567,1892,17,1
2568,1207,9,1
2569,1920,5,1
2570,1930,5,1
2571,66,17,1
2572,1156,9,1
2573,1204,7,1
2574,1906,17,1
2575,1924,5,1
2576,1934,5,1
2577,8,9,1
2578,1939,5,1
2579,1909,0,1
2580,1935,5,1
2581,1903,17,1
2582,535,5,1
2583,346,5,1
2584,97,5,1
2585,1256,9,1
2586,296,5,1
2587,1704,5,1
2588,1931,5,1
2589,1951,5,1
2590,1716,5,1
2591,1952,17,1
2592,134,7,1
2593,1953,0,1
2594,1954,5,1
2595,1956,5,1
2596,338,5,1
2597,1963,17,1
2598,1962,5,1
2599,99,5,1
2600,1226,7,1
2601,1943,5,1
2602,1815,5,1
2603,824,17,1
2604,1970,5,1
2605,1971,5,1
2606,1973,5,1
2607,1880,15,1
2608,1974,16,1
2609,1289,9,1
2610,1160,9,1
2611,1281,7,1
2612,184,5,1
2613,1945,5,1
2614,907,17,1
2615,1642,5,1
2616,1949,5,1
2617,287,5,1
2618,1294,9,1
2619,1299,9,1
2620,394,5,1
2621,398,5,1
2622,382,5,1
2623,1977,5,1
2624,1652,17,1
2625,1993,5,1
2626,1995,17,1
2627,1996,5,1
2628,1321,7,1
2629,1327,17,1
2630,1869,5,1
2631,1997,17,1
2632,1999,17,1
2633,1440,11,1
2634,937,5,1
2635,2003,17,1
2636,2009,5,1
2637,1965,5,1
2638,1875,5,1
2639,1961,17,1
2640,769,9,1
2641,971,9,1
2642,1340,9,1
2643,1344,7,1
2644,2015,5,1
2645,2007,5,1
2646,1967,16,1
2647,1731,17,1
2648,2028,5,1
2649,1941,5,1
2650,1338,9,1
2651,420,5,1
2652,2014,17,1
2653,897,7,1
2654,438,17,1
2655,834,9,1
2656,2040,5,1
2657,2038,5,1
2658,2043,5,1
2659,2001,17,1
2660,1374,9,1
2661,2045,5,1
2662,2042,0,1
2663,1351,9,1
2664,423,5,1
2665,422,5,1
2666,2051,17,1
2667,1800,17,1
2668,2052,5,1
2669,2054,5,1
2670,1969,17,1
2671,2042,2,1
2672,1988,5,1
2673,2042,17,1
2674,1998,17,1
2675,1371,7,1
2676,318,17,1
2677,1129,7,1
2678,458,17,1
2679,1382,7,1
2680,229,5,1
2681,1386,9,1
2682,1326,9,1
2683,936,17,1
2684,2078,5,1
2685,2089,5,1
2686,2072,17,1
2687,818,17,1
2688,2096,5,1
2689,2093,5,1
2690,2080,17,1
2691,2050,5,1
2692,2100,17,1
2693,1899,5,1
2694,2101,5,1
2695,461,5,1
2696,421,5,1
2697,2088,17,1
2698,1072,7,1
2699,2087,5,1
2700,2011,17,1
2701,2098,0,1
2702,2030,5,1
2703,2103,17,1
2704,2065,17,1
2705,2105,5,1
2706,1864,5,1
2707,2068,5,1
2708,1913,17,1
2709,518,5,1
2710,2109,17,1
2711,1407,7,1
2712,2083,17,1
2713,1336,9,1
2714,1946,5,1
2715,2110,17,1
2716,2111,17,1
2717,2115,17,1
2718,1593,17,1
2719,542,5,1
2720,544,5,1
2721,2117,17,1
2722,2123,17,1
2723,2126,5,1
2724,2129,17,1
2725,1896,5,1
2726,405,17,1
2727,2124,5,1
2728,479,5,1
2729,2133,17,1
2730,2135,17,1
2731,1003,5,1
2732,2143,5,1
2733,2064,15,1
2734,2132,5,1
2735,570,17,1
2736,1302,9,1
2737,2151,5,1
2738,2094,5,1
2739,2146,17,1
2740,1990,17,1
2741,1727,17,1
2742,2155,5,1
2743,588,5,1
2744,2164,5,1
2745,220,5,1
2746,2162,5,1
2747,2165,17,1
2748,2168,5,1
2749,2169,5,1
2750,2061,17,1
2751,2171,5,1
2752,2174,5,1
2753,2175,5,1
2754,2177,5,1
2755,2154,17,1
2756,1976,17,1
2757,2118,5,1
2758,2173,5,1
2759,597,17,1
2760,616,5,1
2761,2071,17,1
2762,2162,0,1
2763,393,5,1
2764,863,9,1
2765,2188,17,1
2766,2183,15,1
2767,2181,0,1
2768,1474,7,1
2769,514,17,1
2770,2194,5,1
2771,1485,9,1
2772,2187,0,1
2773,2150,5,1
2774,2097,5,1
2775,2180,0,1
2776,517,5,1
2777,1859,5,1
2778,2044,17,1
2779,631,5,1
2780,1500,9,1
2781,2172,13,1
2782,2203,17,1
2783,2206,5,1
2784,2208,17,1
2785,630,17,1
2786,2195,5,1
2787,2185,5,1
2788,1016,7,1
2789,2209,17,1
2790,0,5,1
2791,2211,17,1
2792,1708,17,1
2793,2221,15,1
2794,1893,0,1
2795,2223,5,1
2796,1497,7,1
2797,2223,0,1
2798,2219,17,1
2799,1566,17,1
2800,1124,0,1
2801,2212,5,1
2802,2227,5,1
2803,2237,5,1
2804,1543,9,1
2805,1959,5,1
2806,2176,5,1
2807,1547,9,1
2808,1548,7,1
2809,1535,9,1
2810,2059,17,1
2811,1557,9,1
2812,644,5,1
2813,2251,5,1
2814,2244,16,1
2815,2191,17,1
2816,2252,5,1
2817,2234,5,1
2818,2167,17,1
2819,1094,7,1
2820,2256,5,1
2821,47,0,1
2822,1574,7,1
2823,1573,7,1
2824,2260,11,1
2825,2262,5,1
2826,1936,5,1
2827,2261,17,1
2828,2241,5,1
2829,552,5,1
2830,2283,5,1
2831,485,11,1
2832,2284,5,1
2833,1442,9,1
2834,2277,5,1
2835,1609,7,1
2836,696,5,1
2837,941,11,1
2838,698,5,1
2839,699,5,1
2840,1616,9,1
2841,2275,17,1
2842,2292,5,1
2843,1626,9,1
2844,716,5,1
2845,2297,5,1
2846,2246,5,1
2847,2298,5,1
2848,2281,0,1
2849,253,17,1
2850,1061,5,1
2851,2139,17,1
2852,2306,17,1
2853,776,5,1
2854,770,5,1
2855,2258,5,1
2856,718,5,1
2857,2266,17,1
2858,2231,5,1
2859,1992,5,1
2860,2309,5,1
2861,2018,5,1
2862,703,5,1
2863,2019,17,1
2864,809,5,1
2865,2229,5,1
2866,2311,5,1
2867,2299,5,1
2868,981,9,1
2869,2222,17,1
2870,2319,5,1
2871,629,5,1
2872,2321,5,1
2873,2322,5,1
2874,867,17,1
2875,2323,17,1
2876,2330,17,1
2877,754,7,1
2878,1664,9,1
2879,878,5,1
2880,2316,5,1
2881,2334,13,1
2882,2336,5,1
2883,2327,5,1
2884,2276,17,1
2885,2338,5,1
2886,2340,5,1
2887,2332,17,1
2888,2343,17,1
2889,2344,17,1
2890,1655,7,1
2891,2348,5,1
2892,781,17,1
2893,2353,5,1
2894,2355,5,1
2895,2328,5,1
2896,2357,5,1
2897,1597,5,1
2898,2351,5,1
2899,2358,5,1
2900,2365,5,1
2901,2368,11,1
2902,2366,17,1
2903,811,5,1
2904,2370,5,1
2905,2373,5,1
2906,2375,17,1
2907,2378,17,1
2908,2381,5,1
2909,2380,17,1
2910,451,17,1
2911,2386,5,1
2912,2313,17,1
2913,2387,5,1
2914,760,7,1
2915,2354,17,1
2916,2391,0,1
2917,2398,5,1
2918,1498,17,1
2919,788,5,1
2920,2405,5,1
2921,2410,5,1
2922,2393,5,1
2923,2413,17,1
2924,2411,17,1
2925,2414,17,1
2926,2320,5,1
2927,2419,17,1
2928,2421,5,1
2929,2379,16,1
2930,51,5,1
2931,2429,17,1
2932,977,5,1
2933,2429,0,1
2934,2184,17,1
2935,2304,5,1
2936,5,7,1
2937,2085,17,1
2938,2270,17,1
2939,2434,5,1
2940,2404,17,1
2941,2436,5,1
2942,2424,17,1
2943,2347,17,1
2944,2439,5,1
2945,2442,17,1
2946,582,9,1
2947,2435,17,1
2948,1678,9,1
2949,2447,5,1
2950,891,9,1
2951,1695,9,1
2952,2450,5,1
2953,2445,17,1
2954,2418,0,1
2955,2374,5,1
2956,1640,17,1
2957,2456,17,1
2958,2418,0,1
2959,990,9,1
2960,2466,5,1
2961,1182,7,1
2962,2468,17,1
2963,1482,9,1
2964,2469,17,1
2965,2476,5,1
2966,1124,0,1
2967,1677,17,1
2968,1872,5,1
2969,2477,17,1
2970,2159,5,1
2971,2399,17,1
2972,2431,5,1
2973,1030,9,1
2974,2481,11,1
2975,2482,5,1
2976,2271,16,1
2977,2021,17,1
2978,2485,11,1
2979,1365,9,1
2980,2448,13,1
2981,1124,0,1
2982,2452,17,1
2983,239,5,1
2984,2462,5,1
2985,2315,5,1
2986,2437,17,1
2987,2493,5,1
2988,532,17,1
2989,1714,17,1
2990,2498,5,1
2991,1717,17,1
2992,2291,5,1
2993,1059,9,1
2994,2459,5,1
2995,109,5,1
2996,2499,17,1
2997,1070,9,1
2998,2472,17,1
2999,2500,5,1
3000,2502,5,1
3001,2508,5,1
3002,2157,17,1
3003,2329,5,1
3004,2454,5,1
3005,875,7,1
3006,2369,17,1
3007,2515,5,1
3008,2226,5,1
3009,2517,5,1
3010,2518,17,1
3011,1611,9,1
3012,1858,5,1
3013,2520,17,1
3014,2524,5,1
3015,2310,17,1
3016,1255,5,1
3017,2510,5,1
3018,2063,5,1
3019,1711,5,1
3020,804,9,1
3021,2060,5,1
3022,2530,17,1
3023,2535,5,1
3024,1085,9,1
3025,2538,5,1
3026,1465,17,1
3027,1092,7,1
3028,2541,0,1
3029,2396,5,1
3030,1671,17,1
3031,1743,17,1
3032,1790,9,1
3033,2066,5,1
3034,1779,9,1
3035,2546,5,1
3036,2350,17,1
3037,1807,9,1
3038,2376,5,1
3039,2542,5,1
3040,1237,9,1
3041,2397,17,1
3042,2547,5,1
3043,2551,17,1
3044,1818,9,1
3045,1812,9,1
3046,2547,0,1
3047,2509,17,1
3048,674,9,1
3049,141,5,1
3050,2543,5,1
3051,2558,5,1
3052,1832,9,1
3053,1833,9,1
3054,1508,5,1
3055,2415,17,1
3056,1272,17,1
3057,2523,17,1
3058,1816,9,1
3059,1838,9,1
3060,2563,17,1
3061,1121,9,1
3062,2160,5,1
3063,836,9,1
3064,705,17,1
3065,2361,17,1
3066,187,5,1
3067,116,5,1
3068,2573,17,1
3069,561,17,1
3070,2567,17,1
3071,2574,5,1
3072,2570,17,1
3073,2455,5,1
3074,235,5,1
3075,2545,17,1
3076,1862,5,1
3077,1147,9,1
3078,1908,17,1
3079,2487,5,1
3080,2582,5,1
3081,2012,5,1
3082,1854,5,1
3083,2233,5,1
3084,2587,5,1
3085,1870,5,1
3086,852,7,1
3087,1991,17,1
3088,2595,5,1
3089,1874,5,1
3090,2593,17,1
3091,2599,17,1
3092,165,17,1
3093,2578,15,1
3094,2601,11,1
3095,2596,5,1
3096,216,5,1
3097,1006,5,1
3098,1112,9,1
3099,1343,17,1
3100,2603,17,1
3101,2536,5,1
3102,2602,17,1
3103,2606,5,1
3104,1428,5,1
3105,1178,17,1
3106,2548,5,1
3107,1456,17,1
3108,1176,9,1
3109,1180,5,1
3110,2588,17,1
3111,2569,5,1
3112,1165,7,1
3113,2433,5,1
3114,1021,9,1
3115,2613,5,1
3116,2611,5,1
3117,2614,5,1
3118,223,11,1
3119,2621,5,1
3120,231,17,1
3121,252,5,1
3122,1888,5,1
3123,2623,17,1
3124,1197,5,1
3125,2443,17,1
3126,2626,5,1
3127,264,5,1
3128,2557,5,1
3129,2058,5,1
3130,2488,17,1
3131,2619,5,1
3132,2604,17,1
3133,1902,5,1
3134,2090,17,1
3135,2594,17,1
3136,2633,5,1
3137,2235,17,1
3138,1855,17,1
3139,1907,5,1
3140,2645,5,1
3141,2584,17,1
3142,2652,17,1
3143,2529,5,1
3144,1534,5,1
3145,2657,5,1
3146,2656,5,1
3147,2660,17,1
3148,2624,5,1
3149,2661,5,1
3150,2668,5,1
3151,2264,5,1
3152,2646,5,1
3153,2673,5,1
3154,2659,17,1
3155,2617,16,1
3156,2675,5,1
3157,2676,5,1
3158,1918,5,1
3159,2622,5,1
3160,2678,0,1
3161,2564,0,1
3162,2532,5,1
3163,2673,0,1
3164,2681,5,1
3165,1391,17,1
3166,2685,17,1
3167,408,9,1
3168,2689,17,1
3169,1204,7,1
3170,2385,17,1
3171,1927,5,1
3172,659,5,1
3173,1215,9,1
3174,2686,17,1
3175,453,17,1
3176,2693,17,1
3177,2586,17,1
3178,196,5,1
3179,2483,17,1
3180,2667,17,1
3181,2696,5,1
3182,2503,17,1
3183,1915,17,1
3184,1091,9,1
3185,2669,17,1
3186,335,5,1
3187,2698,5,1
3188,2044,0,1
3189,2700,17,1
3190,2704,17,1
3191,2643,17,1
3192,1928,17,1
3193,346,5,1
3194,2707,5,1
3195,1145,5,1
3196,2709,5,1
3197,2691,5,1
3198,1956,5,1
3199,2712,5,1
3200,1962,5,1
3201,376,5,1
3202,338,5,1
3203,1965,5,1
3204,2680,5,1
3205,1953,5,1
3206,2723,5,1
3207,2635,5,1
3208,2725,17,1
3209,1294,9,1
3210,1952,17,1
3211,361,15,1
3212,2360,16,1
3213,396,5,1
3214,2729,16,1
3215,1929,5,1
3216,1949,5,1
3217,2715,5,1
3218,2513,17,1
3219,398,5,1
3220,386,15,1
3221,1809,5,1
3222,2465,17,1
3223,2733,5,1
3224,2737,5,1
3225,2710,5,1
3226,395,5,1
3227,2728,17,1
3228,2741,17,1
3229,1994,17,1
3230,2746,5,1
3231,2544,5,1
3232,2013,5,1
3233,2714,5,1
3234,907,17,1
3235,2694,17,1
3236,2743,17,1
3237,2004,17,1
3238,2745,17,1
3239,2747,16,1
3240,2748,5,1
3241,1344,7,1
3242,2606,0,1
3243,2377,15,1
3244,2754,5,1
3245,2597,17,1
3246,2642,5,1
3247,1941,5,1
3248,2763,17,1
3249,1999,17,1
3250,450,17,1
3251,2768,5,1
3252,1359,9,1
3253,435,17,1
3254,2038,5,1
3255,2732,11,1
3256,2752,5,1
3257,2558,0,1
3258,2045,5,1
3259,1351,9,1
3260,2777,5,1
3261,422,5,1
3262,318,17,1
3263,2767,5,1
3264,11,17,1
3265,2051,17,1
3266,1382,7,1
3267,2046,17,1
3268,2758,15,1
3269,2758,0,1
3270,2780,5,1
3271,1326,9,1
3272,1371,7,1
3273,2630,5,1
3274,229,5,1
3275,2751,5,1
3276,2785,5,1
3277,364,5,1
3278,2774,17,1
3279,2770,5,1
3280,1362,17,1
3281,483,5,1
3282,2778,5,1
3283,2792,5,1
3284,2606,0,1
3285,2784,5,1
3286,2640,11,1
3287,527,17,1
3288,2787,5,1
3289,2096,5,1
3290,2796,5,1
3291,2099,5,1
3292,2114,17,1
3293,2793,5,1
3294,2779,5,1
3295,518,5,1
3296,2802,0,1
3297,2805,17,1
3298,2079,5,1
3299,531,5,1
3300,2300,17,1
3301,2109,17,1
3302,1415,7,1
3303,1459,5,1
3304,2702,5,1
3305,2811,5,1
3306,2812,17,1
3307,2122,5,1
3308,2100,17,1
3309,2814,17,1
3310,2011,17,1
3311,2818,17,1
3312,2123,17,1
3313,2126,5,1
3314,1896,5,1
3315,2782,5,1
3316,2135,17,1
3317,1203,5,1
3318,2111,17,1
3319,579,5,1
3320,2825,17,1
3321,2151,5,1
3322,2119,17,1
3323,2558,0,1
3324,2830,17,1
3325,2831,5,1
3326,588,5,1
3327,2832,17,1
3328,2825,0,1
3329,2822,5,1
3330,2800,17,1
3331,2168,5,1
3332,1206,5,1
3333,2178,5,1
3334,2837,5,1
3335,2505,5,1
3336,1405,5,1
3337,611,5,1
3338,2836,17,1
3339,2820,5,1
3340,2842,17,1
3341,2095,17,1
3342,2165,17,1
3343,2846,17,1
3344,2850,17,1
3345,2371,6,1
3346,2034,17,1
3347,2144,17,1
3348,1485,9,1
3349,2854,8,1
3350,2791,9,1
3351,2855,17,1
3352,1926,5,1
3353,909,5,1
3354,2561,12,1
3355,2857,8,1
3356,2044,17,1
3357,2198,5,1
3358,1500,9,1
3359,2192,5,1
3360,2838,12,1
3361,2861,12,1
3362,2202,5,1
3363,1510,9,1
3364,2207,5,1
3365,2872,9,1
3366,2196,5,1
3367,2873,17,1
3368,2848,8,1
3369,2874,12,1
3370,2839,8,1
3371,2868,12,1
3372,2879,9,1
3373,1599,9,1
3374,2884,12,1
3375,482,9,1
3376,2885,12,1
3377,2212,5,1
3378,1537,9,1
3379,467,9,1
3380,2851,17,1
3381,2125,5,1
3382,1547,9,1
3383,2242,5,1
3384,2890,9,1
3385,2762,9,1
3386,2881,6,1
3387,644,5,1
3388,2252,5,1
3389,663,5,1
3390,2905,9,1
3391,2256,5,1
3392,2908,8,1
3393,2909,8,1
3394,2912,8,1
3395,2875,12,1
3396,2896,8,1
3397,2910,12,1
3398,1573,6,1
3399,2788,9,1
3400,2920,12,1
3401,2716,9,1
3402,2919,12,1
3403,2921,9,1
3404,2900,8,1
3405,2916,9,1
3406,2870,8,1
3407,2241,5,1
3408,2903,9,1
3409,2924,9,1
3410,2672,8,1
3411,2193,5,1
3412,2074,9,1
3413,1025,11,1
3414,2813,12,1
3415,1911,5,1
3416,607,9,1
3417,2935,14,1
3418,698,5,1
3419,699,5,1
3420,1626,9,1
3421,266,5,1
3422,2942,12,1
3423,2946,6,1
3424,947,12,1
3425,2939,8,1
3426,105,12,1
3427,2929,8,1
3428,2417,6,1
3429,2775,12,1
3430,776,5,1
3431,2954,17,1
3432,1244,12,1
3433,2952,12,1
3434,2312,9,1
3435,2958,9,1
3436,703,5,1
3437,2962,12,1
3438,2960,9,1
3439,2963,17,1
3440,981,9,1
3441,2730,8,1
3442,2966,12,1
3443,2141,12,1
3444,2956,12,1
3445,1658,9,1
3446,2214,8,1
3447,2968,9,1
3448,873,5,1
3449,2938,8,1
3450,2969,12,1
3451,2797,12,1
3452,2972,14,1
3453,442,5,1
3454,2966,0,1
3455,1656,12,1
3456,2981,8,1
3457,2682,9,1
3458,2970,12,1
3459,2926,12,1
3460,2338,5,1
3461,2984,12,1
3462,2986,17,1
3463,2989,9,1
3464,1273,9,1
3465,2753,8,1
3466,2641,17,1
3467,2975,17,1
3468,2992,9,1
3469,2740,12,1
3470,2994,17,1
3471,2997,9,1
3472,2980,8,1
3473,2990,12,1
3474,2540,12,1
3475,3000,12,1
3476,2849,17,1
3477,3003,12,1
3478,2279,9,1
3479,3006,8,1
3480,3007,9,1
3481,2993,8,1
3482,2636,8,1
3483,3010,8,1
3484,221,14,1
3485,1617,9,1
3486,2328,5,1
3487,2357,5,1
3488,2351,5,1
3489,2358,5,1
3490,1662,9,1
3491,811,5,1
3492,2370,5,1
3493,2080,17,1
3494,3016,17,1
3495,3019,17,1
3496,3012,12,1
3497,3020,8,1
3498,2788,0,1
3499,2318,12,1
3500,3024,9,1
3501,3025,17,1
3502,3026,12,1
3503,2434,5,1
3504,3002,1,1
3505,1463,8,1
3506,2401,5,1
3507,2410,5,1
3508,2363,5,1
3509,958,5,1
3510,952,5,1
3511,977,5,1
3512,1622,7,1
3513,1622,7,1
3514,1661,7,1
3515,842,17,1
3516,943,17,1
3517,943,17,1
3518,943,17,1
3519,2267,17,1
3520,2006,17,1
3521,3029,8,1
3522,1576,7,1
3523,1128,7,1
3524,1128,7,1
3525,1489,7,1
3526,1489,7,1
3527,1606,7,1
3528,1606,7,1
3529,1606,7,1
3530,1506,7,1
3531,1506,7,1
3532,1506,7,1
3533,1577,7,1
3534,1614,7,1
3535,1630,7,1
3536,1542,7,1
3537,1479,7,1
3538,1654,7,1
3539,1621,7,1
3540,1603,7,1
3541,1603,7,1
3542,871,17,1
3543,1201,17,1
3544,1201,17,1
3545,2239,17,1
3546,2239,17,1
3547,2293,17,1
3548,2200,17,1
3549,2200,17,1
3550,17,17,1
3551,1268,17,1
3552,1268,17,1
3553,1,17,1
3554,1,17,1
3555,1,17,1
3556,1,17,1
3557,1937,17,1
3558,1937,17,1
3559,2190,17,1
3560,2254,17,1
3561,2254,17,1
3562,2245,17,1
3563,2245,17,1
3564,2301,17,1
3565,2301,17,1
3566,2391,17,1
3567,2391,17,1
3568,2331,17,1
3569,2395,17,1
3570,2409,17,1
3571,637,17,1
3572,880,17,1
3573,880,17,1
3574,880,17,1
3575,1596,17,1
3576,2197,17,1
3577,2281,17,1
3578,2324,17,1
3579,2166,17,1
3580,2362,17,1
3581,2180,17,1
3582,689,17,1
3583,689,17,1
3584,689,17,1
3585,2232,17,1
3586,2232,17,1
3587,2337,17,1
3588,2269,17,1
3589,2272,17,1
3590,2950,17,1
3591,2181,17,1
3592,1498,17,1
3593,3031,12,1
3594,3033,9,1
3595,1678,9,1
3596,2902,0,1
3597,2902,0,1
3598,2882,17,1
3599,987,8,1
3600,891,9,1
3601,3034,17,1
3602,3030,9,1
3603,2413,17,1
3604,2411,17,1
3605,3040,12,1
3606,586,8,1
3607,62,5,1
3608,2451,17,1
3609,3044,17,1
3610,2463,17,1
3611,3045,8,1
3612,3048,12,1
3613,2432,17,1
3614,2384,17,1
3615,2947,8,1
3616,153,8,1
3617,3041,14,1
3618,2722,0,1
3619,3052,9,1
3620,3053,9,1
3621,1030,9,1
3622,3050,14,1
3623,3056,12,1
3624,3054,9,1
3625,3057,6,1
3626,2428,5,1
3627,3060,0,1
3628,1049,9,1
3629,2457,17,1
3630,2452,17,1
3631,2086,9,1
3632,2468,17,1
3633,2494,5,1
3634,3061,17,1
3635,993,12,1
3636,3028,9,1
3637,1717,17,1
3638,3063,17,1
3639,1059,9,1
3640,2399,17,1
3641,109,5,1
3642,1756,12,1
3643,2346,17,1
3644,3067,12,1
3645,2897,9,1
3646,3068,17,1
3647,2500,5,1
3648,3069,12,1
3649,3009,17,1
3650,3070,17,1
3651,2472,17,1
3652,2512,5,1
3653,894,12,1
3654,2426,17,1
3655,1611,9,1
3656,3065,17,1
3657,2524,5,1
3658,3075,8,1
3659,3076,17,1
3660,804,9,1
3661,3077,17,1
3662,2902,0,1
3663,3078,17,1
3664,3079,14,1
3665,2684,12,1
3666,3081,9,1
3667,1104,12,1
3668,3082,17,1
3669,1085,9,1
3670,1671,17,1
3671,2539,5,1
3672,2066,5,1
3673,1465,17,1
3674,741,17,1
3675,2537,5,1
3676,3085,6,1
3677,762,12,1
3678,2285,5,1
3679,3086,12,1
3680,155,5,1
3681,819,8,1
3682,2314,16,1
3683,2363,5,1
3684,2408,17,1
3685,2416,17,1
3686,2290,17,1
3687,958,5,1
3688,2402,17,1
3689,2274,17,1
3690,2418,17,1
3691,1615,17,1
3692,952,5,1
3693,2383,17,1
3694,2430,17,1
3695,1699,9,1
3696,1697,17,1
3697,5,7,1
3698,2407,17,1
3699,1580,9,1
3700,2383,0,1
3701,1700,9,1
3702,2390,17,1
3703,882,17,1
3704,2438,17,1
3705,50,5,1
3706,2446,5,1
3707,1639,17,1
3708,1707,17,1
3709,2422,17,1
3710,2451,17,1
3711,2420,5,1
3712,2460,5,1
3713,2458,17,1
3714,1378,5,1
3715,2407,0,1
3716,2457,17,1
3717,1004,9,1
3718,2463,17,1
3719,62,5,1
3720,2470,17,1
3721,972,9,1
3722,2432,17,1
3723,2475,5,1
3724,2384,17,1
3725,1124,0,1
3726,2461,5,1
3727,2403,5,1
3728,2478,5,1
3729,2467,5,1
3730,73,5,1
3731,2346,17,1
3732,2213,5,1
3733,2471,5,1
3734,2480,17,1
3735,2479,17,1
3736,1725,5,1
3737,2486,17,1
3738,986,7,1
3739,2464,17,1
3740,2427,16,1
3741,1454,17,1
3742,2428,5,1
3743,1124,0,1
3744,1046,9,1
3745,56,5,1
3746,2426,17,1
3747,2492,5,1
3748,1015,9,1
3749,1049,9,1
3750,2495,5,1
3751,1445,5,1
3752,2494,5,1
3753,2496,5,1
3754,2497,5,1
3755,86,11,1
3756,2440,17,1
3757,1741,9,1
3758,1369,5,1
3759,1720,17,1
3760,2359,5,1
3761,2501,5,1
3762,2512,5,1
3763,2489,17,1
3764,875,7,1
3765,875,7,1
3766,2514,13,1
3767,2425,17,1
3768,2257,5,1
3769,2516,17,1
3770,612,9,1
3771,2519,17,1
3772,1751,9,1
3773,2522,17,1
3774,2526,5,1
3775,1723,9,1
3776,2528,5,1
3777,1764,9,1
3778,2531,17,1
3779,2533,17,1
3780,1088,9,1
3781,2504,5,1
3782,2521,17,1
3783,212,5,1
3784,2534,17,1
3785,1781,9,1
3786,2205,17,1
3787,2127,17,1
3788,1761,17,1
3789,2539,5,1
3790,2541,5,1
3791,2474,17,1
3792,1746,17,1
3793,2537,5,1
3794,741,17,1
3795,1806,9,1
3796,146,5,1
3797,2285,5,1
3798,2138,17,1
3799,1795,17,1
3800,2521,0,1
3801,1111,9,1
3802,155,5,1
3803,2550,17,1
3804,2552,5,1
3805,129,5,1
3806,157,5,1
3807,1775,9,1
3808,1824,9,1
3809,2449,5,1
3810,2294,17,1
3811,2556,5,1
3812,1045,7,1
3813,1541,9,1
3814,2555,17,1
3815,2559,17,1
3816,2560,17,1
3817,2423,5,1
3818,1074,7,1
3819,2552,0,1
3820,1763,17,1
3821,2131,17,1
3822,2552,0,1
3823,1821,5,1
3824,2566,5,1
3825,2565,17,1
3826,1260,5,1
3827,2441,17,1
3828,2506,5,1
3829,2568,17,1
3830,2554,5,1
3831,2571,5,1
3832,2572,17,1
3833,734,9,1
3834,1829,5,1
3835,1774,5,1
3836,2577,5,1
3837,2579,17,1
3838,2580,5,1
3839,2491,5,1
3840,2484,17,1
3841,2444,5,1
3842,2583,17,1
3843,2549,5,1
3844,2527,5,1
3845,2581,17,1
3846,1866,5,1
3847,204,17,1
3848,2589,17,1
3849,2591,11,1
3850,2592,17,1
3851,1878,5,1
3852,2600,17,1
3853,2576,5,1
3854,1882,5,1
3855,2605,5,1
3856,2607,17,1
3857,1972,17,1
3858,2608,5,1
3859,390,5,1
3860,1769,17,1
3861,2615,5,1
3862,2609,5,1
3863,2618,5,1
3864,2606,0,1
3865,2620,17,1
3866,2616,5,1
3867,2627,5,1
3868,2490,11,1
3869,2628,17,1
3870,1887,17,1
3871,372,5,1
3872,2511,5,1
3873,268,11,1
3874,1432,17,1
3875,1196,9,1
3876,2637,5,1
3877,2585,5,1
3878,2644,17,1
3879,2575,5,1
3880,1414,5,1
3881,1909,5,1
3882,2631,17,1
3883,2655,5,1
3884,2654,17,1
3885,1879,5,1
3886,1150,5,1
3887,2663,5,1
3888,2625,17,1
3889,2664,17,1
3890,2649,17,1
3891,796,9,1
3892,1917,5,1
3893,2665,5,1
3894,2670,5,1
3895,2653,5,1
3896,2658,17,1
3897,2674,17,1
3898,2678,5,1
3899,2677,5,1
3900,2035,17,1
3901,1380,5,1
3902,1216,9,1
3903,2629,5,1
3904,2687,17,1
3905,1920,5,1
3906,2632,17,1
3907,2612,5,1
3908,2067,17,1
3909,1156,9,1
3910,1221,9,1
3911,2341,5,1
3912,1934,5,1
3913,2692,5,1
3914,1241,7,1
3915,2690,5,1
3916,2695,0,1
3917,2697,5,1
3918,1939,5,1
3919,93,5,1
3920,605,9,1
3921,2453,5,1
3922,2699,5,1
3923,2647,5,1
3924,2703,17,1
3925,2705,5,1
3926,1020,17,1
3927,2706,5,1
3928,1903,17,1
3929,1251,9,1
3930,1256,9,1
3931,1947,5,1
3932,2679,17,1
3933,2666,17,1
3934,134,7,1
3935,2650,5,1
3936,2701,5,1
3937,2707,0,1
3938,2708,17,1
3939,1810,5,1
3940,2606,0,1
3941,320,5,1
3942,342,5,1
3943,1950,5,1
3944,1971,5,1
3945,2721,5,1
3946,2722,11,1
3947,247,5,1
3948,287,5,1
3949,2713,17,1
3950,1945,5,1
3951,1300,9,1
3952,1980,5,1
3953,2634,5,1
3954,1982,5,1
3955,2412,16,1
3956,2734,5,1
3957,2671,5,1
3958,2731,17,1
3959,2736,5,1
3960,1963,17,1
3961,2726,5,1
3962,2735,17,1
3963,1873,17,1
3964,657,5,1
3965,2724,5,1
3966,1312,7,1
3967,2081,5,1
3968,1993,5,1
3969,2738,5,1
3970,2598,17,1
3971,769,9,1
3972,2749,5,1
3973,2727,17,1
3974,2683,17,1
3975,499,5,1
3976,2717,5,1
3977,2750,17,1
3978,2134,5,1
3979,2651,5,1
3980,1340,9,1
3981,2005,5,1
3982,1342,9,1
3983,2755,17,1
3984,2739,17,1
3985,2744,5,1
3986,2760,5,1
3987,2759,5,1
3988,2017,5,1
3989,2764,5,1
3990,2765,17,1
3991,2473,17,1
3992,420,5,1
3993,438,17,1
3994,2028,5,1
3995,834,9,1
3996,2080,0,1
3997,2014,17,1
3998,2761,17,1
3999,1355,17,1
4000,2040,5,1
4001,2711,11,1
4002,2773,5,1
4003,2757,17,1
4004,2776,5,1
4005,423,5,1
4006,1377,7,1
4007,463,17,1
4008,2766,17,1
4009,2057,5,1
4010,2606,0,1
4011,2772,5,1
4012,2756,5,1
4013,1135,5,1
4014,457,17,1
4015,1362,0,1
4016,994,17,1
4017,2638,17,1
4018,936,17,1
4019,2662,17,1
4020,461,5,1
4021,1416,9,1
4022,1752,5,1
4023,2088,17,1
4024,1420,9,1
4025,2802,13,1
4026,2798,17,1
4027,1407,7,1
4028,2106,5,1
4029,2794,5,1
4030,2804,17,1
4031,2806,17,1
4032,1418,9,1
4033,2802,0,1
4034,2807,17,1
4035,2799,15,1
4036,1427,9,1
4037,2810,5,1
4038,305,5,1
4039,542,5,1
4040,2783,5,1
4041,544,5,1
4042,2815,5,1
4043,2817,5,1
4044,2816,5,1
4045,1433,7,1
4046,2819,11,1
4047,2065,17,1
4048,2786,17,1
4049,2044,0,1
4050,2083,17,1
4051,1984,5,1
4052,2821,5,1
4053,2044,2,1
4054,570,17,1
4055,1361,11,1
4056,2824,17,1
4057,2828,17,1
4058,2117,17,1
4059,2829,5,1
4060,2164,5,1
4061,2722,0,1
4062,2084,17,1
4063,2163,5,1
4064,2834,17,1
4065,2719,5,1
4066,2153,17,1
4067,2146,17,1
4068,2073,17,1
4069,616,5,1
4070,2182,17,1
4071,1311,5,1
4072,2841,17,1
4073,2795,17,1
4074,2070,17,1
4075,2179,5,1
4076,2843,5,1
4077,2847,5,1
4078,2840,5,1
4079,2852,8,1
4080,2188,17,1
4081,604,17,1
4082,2853,5,1
4083,1486,7,1
4084,2718,17,1
4085,563,5,1
4086,2844,9,1
4087,627,5,1
4088,2835,6,1
4089,2803,12,1
4090,2859,17,1
4091,2039,17,1
4092,695,17,1
4093,2742,9,1
4094,2858,9,1
4095,2864,9,1
4096,2863,8,1
4097,1473,7,1
4098,2827,8,1
4099,2866,8,1
4100,2871,9,1
4101,2867,12,1
4102,2869,9,1
4103,2809,12,1
4104,2865,12,1
4105,2876,9,1
4106,2223,5,1
4107,2877,9,1
4108,2877,0,1
4109,2878,14,1
4110,2880,17,1
4111,2525,9,1
4112,2823,8,1
4113,482,0,1
4114,482,0,1
4115,2886,8,1
4116,2889,8,1
4117,2688,14,1
4118,2720,12,1
4119,2227,5,1
4120,2237,5,1
4121,2883,8,1
4122,1543,9,1
4123,2808,6,1
4124,2893,12,1
4125,2176,5,1
4126,2894,12,1
4127,1535,9,1
4128,1557,9,1
4129,2899,9,1
4130,2107,5,1
4131,2898,17,1
4132,2610,6,1
4133,1770,6,1
4134,2856,9,1
4135,2907,14,1
4136,2862,12,1
4137,2913,12,1
4138,2906,9,1
4139,2262,5,1
4140,2918,12,1
4141,2895,8,1
4142,2722,0,1
4143,573,5,1
4144,2923,9,1
4145,2922,17,1
4146,559,9,1
4147,2268,5,1
4148,2925,9,1
4149,2928,17,1
4150,2927,17,1
4151,678,5,1
4152,2888,9,1
4153,2915,9,1
4154,2249,5,1
4155,2801,6,1
4156,2108,8,1
4157,2639,8,1
4158,1442,9,1
4159,2933,9,1
4160,2934,6,1
4161,1471,8,1
4162,696,5,1
4163,1942,14,1
4164,2917,12,1
4165,2860,8,1
4166,2287,5,1
4167,686,5,1
4168,2286,5,1
4169,1616,9,1
4170,2891,9,1
4171,2940,17,1
4172,2941,12,1
4173,2292,5,1
4174,2945,9,1
4175,716,5,1
4176,2943,8,1
4177,2948,17,1
4178,2297,5,1
4179,2930,8,1
4180,2648,9,1
4181,2789,17,1
4182,2951,17,1
4183,768,5,1
4184,770,5,1
4185,718,5,1
4186,2955,9,1
4187,799,11,1
4188,2959,9,1
4189,2018,5,1
4190,2961,17,1
4191,2845,17,1
4192,2957,12,1
4193,2311,5,1
4194,2964,17,1
4195,2965,17,1
4196,2931,17,1
4197,219,9,1
4198,2321,5,1
4199,792,11,1
4200,2967,17,1
4201,2944,12,1
4202,2932,9,1
4203,2892,6,1
4204,2971,17,1
4205,2914,12,1
4206,878,5,1
4207,2901,17,1
4208,2976,12,1
4209,2974,8,1
4210,2336,5,1
4211,2979,9,1
4212,2937,9,1
4213,2978,17,1
4214,2973,12,1
4215,2983,17,1
4216,817,5,1
4217,2904,12,1
4218,2985,8,1
4219,2987,17,1
4220,2991,17,1
4221,2988,9,1
4222,2981,2,1
4223,2998,14,1
4224,2986,0,1
4225,2352,12,1
4226,2769,8,1
4227,3002,9,1
4228,3001,8,1
4229,2953,12,1
4230,2995,17,1
4231,3005,9,1
4232,2317,9,1
4233,2507,6,1
4234,1992,12,1
4235,2887,6,1
4236,2562,17,1
4237,2996,12,1
4238,2365,5,1
4239,2394,5,1
4240,2382,5,1
4241,3013,6,1
4242,3018,12,1
4243,2781,17,1
4244,3015,12,1
4245,2982,12,1
4246,3014,17,1
4247,3008,12,1
4248,2999,17,1
4249,3021,9,1
4250,3019,0,1
4251,3004,12,1
4252,3023,9,1
4253,2902,9,1
4254,2911,12,1
4255,1700,9,1
4256,3022,9,1
4257,788,5,1
4258,2393,5,1
4259,2400,5,1
4260,2421,5,1
4261,51,5,1
4262,1699,9,1
4263,1622,7,1
4264,1661,7,1
4265,1661,7,1
4266,842,17,1
4267,842,17,1
4268,842,17,1
4269,943,17,1
4270,2267,17,1
4271,2006,17,1
4272,1576,7,1
4273,1576,7,1
4274,1128,7,1
4275,1489,7,1
4276,1577,7,1
4277,1577,7,1
4278,1614,7,1
4279,1614,7,1
4280,1618,7,1
4281,1618,7,1
4282,1618,7,1
4283,1630,7,1
4284,1542,7,1
4285,1542,7,1
4286,1479,7,1
4287,1479,7,1
4288,1654,7,1
4289,1654,7,1
4290,1621,7,1
4291,1621,7,1
4292,1603,7,1
4293,871,17,1
4294,871,17,1
4295,871,17,1
4296,2293,17,1
4297,2305,17,1
4298,2305,17,1
4299,2255,17,1
4300,17,17,1
4301,17,17,1
4302,17,17,1
4303,17,17,1
4304,2364,17,1
4305,2364,17,1
4306,694,17,1
4307,694,17,1
4308,1,17,1
4309,1,17,1
4310,1,17,1
4311,1,17,1
4312,1,17,1
4313,1,17,1
4314,2190,17,1
4315,2331,17,1
4316,2395,17,1
4317,2409,17,1
4318,637,17,1
4319,637,17,1
4320,637,17,1
4321,880,17,1
4322,1596,17,1
4323,1596,17,1
4324,2197,17,1
4325,2281,17,1
4326,2324,17,1
4327,2166,17,1
4328,2362,17,1
4329,2180,17,1
4330,689,17,1
4331,2337,17,1
4332,2269,17,1
4333,2272,17,1
4334,2259,17,1
4335,2259,17,1
4336,2289,17,1
4337,2289,17,1
4338,2345,17,1
4339,2345,17,1
4340,2436,5,1
4341,3011,8,1
4342,2424,17,1
4343,2181,17,1
4344,582,9,1
4345,3032,9,1
4346,50,5,1
4347,1695,9,1
4348,2553,12,1
4349,3037,9,1
4350,3039,12,1
4351,2590,12,1
4352,3038,17,1
4353,1640,17,1
4354,3036,6,1
4355,3027,12,1
4356,3017,17,1
4357,990,9,1
4358,2460,5,1
4359,3035,12,1
4360,2466,5,1
4361,3042,9,1
4362,2456,17,1
4363,787,12,1
4364,972,9,1
4365,3043,9,1
4366,2402,17,1
4367,2274,17,1
4368,3046,6,1
4369,3047,17,1
4370,2383,17,1
4371,984,8,1
4372,2977,12,1
4373,989,12,1
4374,73,5,1
4375,2390,17,1
4376,2467,5,1
4377,2159,5,1
4378,2077,12,1
4379,3051,17,1
4380,2431,5,1
4381,1725,5,1
4382,3055,17,1
4383,2902,0,1
4384,3057,17,1
4385,2833,17,1
4386,3058,6,1
4387,1454,17,1
4388,2478,12,1
4389,1015,9,1
4390,3060,14,1
4391,3059,8,1
4392,2741,17,1
4393,2496,5,1
4394,2498,5,1
4395,3062,17,1
4396,1063,12,1
4397,3064,9,1
4398,3066,17,1
4399,1070,9,1
4400,1041,12,1
4401,3024,0,1
4402,2771,14,1
4403,3049,12,1
4404,2502,5,1
4405,3071,12,1
4406,261,12,1
4407,612,9,1
4408,1751,9,1
4409,2936,8,1
4410,3072,9,1
4411,2790,12,1
4412,3073,9,1
4413,2392,8,1
4414,2522,17,1
4415,1764,9,1
4416,3074,14,1
4417,1088,9,1
4418,3080,8,1
4419,2826,17,1
4420,212,5,1
4421,3083,17,1
4422,3084,12,1
4423,2521,17,1
4424,2949,12,1
4425,2409,0,1
4426,1806,9,1
4427,1795,17,1
