cust_id,code
3893506,7
3793254,6
6148794,10
6149220,15
6149432,21
6149434,22
6149306,18
6149487,24
6149972,28
6150546,30
6150640,32
6150881,36
6151170,43
6150928,38
6150741,33
6151910,50
6151805,48
6149278,16
6152619,60
6152634,62
6152331,55
6153803,78
6152605,59
6153514,74
6154152,86
6155590,101
6155594,102
6155796,109
6155741,106
6155068,94
6156018,113
6155578,100
6153549,75
6155837,110
6152119,54
6154494,89
6156467,119
6157463,128
6154026,82
6154146,85
6157771,132
6157948,133
6158169,137
6158155,136
6150561,31
6156944,124
6158764,145
6158687,144
6159172,151
6159290,152
6159515,155
6154183,87
6158914,147
6157606,129
6160293,158
6157082,125
6161556,171
6161780,175
6149381,19
6162055,179
6156187,116
6162394,185
6161492,169
6162580,189
6162187,182
6161494,170
6163369,197
6156840,123
6163426,198
6150290,29
6162348,184
6163893,203
6163941,205
6163977,206
6164112,207
6162718,190
6164240,211
6160965,165
6161188,167
6165622,224
6163185,195
6165922,234
6165644,228
6164556,217
6165966,235
6165631,226
6158525,142
6166778,248
6160546,161
6167601,259
6165641,227
6167689,262
6167885,265
6167409,256
6167463,258
6155756,108
6168061,268
6167039,251
6167754,263
6166343,237
6152507,58
6165823,233
6153411,71
6166521,241
6168839,277
6169200,282
6169536,285
6169959,292
6168405,271
6166859,250
6170313,301
6166424,238
6169679,288
6160881,164
6168719,275
6166504,240
6171428,313
6171570,317
6161719,174
6161048,166
6172236,333
6172088,330
6172403,335
6172212,332
6172549,336
6172645,337
6170863,307
6172897,339
6173440,346
6173553,349
6170555,303
6166589,243
6173732,351
6174260,360
6174273,361
6174517,366
6174388,363
6160790,163
6174773,368
6171734,320
6174950,371
6166727,246
6175233,379
6175185,378
6175553,384
6170390,302
6172845,338
6169675,287
6171981,327
6170117,293
6173497,347
6176869,399
6170995,308
6175003,373
6175850,388
6177123,400
6176635,398
6176357,395
6175832,387
6177452,404
6176623,397
6174177,357
6178158,410
6175174,377
6178453,416
6164501,214
6179262,426
6179692,431
6173534,348
6165626,225
6178415,414
6175017,374
6180044,434
6180650,441
6166602,244
6180734,445
6180792,446
6171626,318
6181383,450
6180266,438
6179722,432
6181255,449
6171565,316
6182038,457
6180256,437
6168969,279
6182174,458
6183126,468
6170150,294
6165667,229
6174453,364
6184137,471
6184421,478
6184648,483
6184680,484
6184936,488
6185073,490
6183491,469
6171991,328
6185153,491
6185532,495
6185860,500
6178931,421
6186196,506
6186139,504
6167117,254
6170253,297
6186380,510
6187328,521
6162494,188
6187630,525
6187769,528
6149140,13
6149386,20
6150850,35
6150887,37
6150990,40
6151290,44
6151060,42
6151029,41
6151555,45
6151944,51
6152623,61
6152668,63
6152061,52
6151584,46
6153575,76
6153473,73
6153466,72
6153295,70
6154141,84
6154214,88
6152401,56
6152895,65
6155041,92
6153661,77
6149637,26
6155693,103
6155723,105
6155098,95
6152796,64
6156396,118
6155958,112
6155111,98
6152091,53
6156384,117
6154722,90
6157355,126
6154007,81
6157682,131
6153025,67
6155750,107
6158339,139
6158538,143
6156524,121
6157614,130
6149073,12
6158969,148
6159158,150
6158890,146
6158975,149
6159487,154
6154790,91
6160008,157
6158490,141
6160545,160
6160531,159
6160644,162
6158171,138
6153899,79
6161800,176
6161919,177
6162119,180
6156814,122
6162458,187
6163002,192
6163171,194
6161213,168
6161641,172
6188468,543
6188397,542
6170157,295
6188785,548
6177454,405
6186299,508
6189277,553
6188309,534
6185471,494
6189754,566
6187982,530
6189914,570
6190210,574
6190273,575
6189683,564
6190511,579
6185979,501
6191308,590
6191310,591
6185744,498
6190433,577
6186275,507
6190375,576
6186617,514
6173386,345
6163702,201
6189705,565
6192890,616
6191758,601
6193618,623
6174378,362
6167190,255
6194808,632
6194667,630
6190556,580
6195470,639
6192514,610
6195228,636
6179301,428
6158075,135
6170278,299
6190081,571
6193540,621
6195265,638
6196811,650
6196856,651
6194362,628
6197167,655
6195913,642
6197887,658
6196917,652
6196772,649
6180465,440
6152423,57
6195058,634
6189250,552
6200344,678
6200880,683
6174920,370
6202046,696
6200180,675
6202240,699
6202728,704
6187728,526
6167991,266
6201382,693
6203303,713
6203096,708
6203365,715
6203383,716
6162309,183
6163747,202
6163905,204
6161678,173
6164462,213
6158366,140
6157390,127
6163632,200
6164548,216
6155708,104
6154118,83
6165709,230
6165742,231
6165818,232
6165446,222
6166622,245
6166844,249
6166565,242
6164118,208
6149464,23
6165583,223
6167066,252
6168097,269
6167874,264
6162172,181
6168469,273
6164192,210
6162878,191
6168574,274
6169012,281
6163434,199
6164124,209
6169747,289
6169866,290
6170688,304
6167657,260
6171153,309
6171236,310
6171366,312
6171642,319
6171807,323
6172294,334
6168411,272
6170164,296
6164745,218
6173220,344
6155110,97
6171795,322
6173896,353
6155107,96
6174015,354
6174460,365
6173154,342
6171514,315
6149539,25
6175109,376
6169490,284
6175562,385
6174155,356
6175693,386
6171339,311
6203423,717
6203346,714
6203741,728
6203732,727
6186027,502
6204007,737
6204014,738
6204202,742
6204327,746
6204418,748
6204576,755
6203968,735
6204275,743
6204979,768
6204896,766
6205082,771
6205075,770
6205543,786
6205536,785
6203443,718
6206052,797
6206115,799
6205696,789
6202363,700
6206335,802
6191432,594
6206443,803
6206887,809
6206851,808
6206932,810
6206966,812
6207435,825
6168327,270
6207670,833
6204485,751
6207952,838
6208457,847
6194561,629
6208368,846
6203860,732
6209198,864
6207542,830
6209336,865
6208481,850
6209396,868
6209376,867
6209638,876
6209799,877
6210155,885
6209877,878
6207519,829
6210470,892
6209918,879
6211060,900
6211368,902
6207486,827
6210168,886
6211339,901
6211528,905
6201039,687
6211693,910
6211723,911
6209362,866
6206624,805
6205417,778
6205445,781
6203488,722
6209605,874
6212195,923
6212359,928
6207494,828
6212191,922
6206956,811
6212586,934
6210248,888
6212962,944
6213339,946
6208889,855
6213935,954
6212349,927
6213998,956
6207207,820
6214161,961
6213950,955
6206301,801
6214617,965
6182011,456
6210552,893
6212302,926
6214067,958
6209041,857
6203477,720
6187566,523
6214029,957
6206252,800
6211803,914
6215744,976
6208135,841
6208480,849
6198447,662
3325662,4
6171853,324
6212485,930
6216577,988
6210448,891
6216441,986
6216663,991
6211053,899
6188394,541
6215141,968
6216945,998
6216601,990
6217177,1004
6217125,1001
6216838,996
6216674,992
6209453,872
6197093,653
6216777,995
6210099,883
6207752,835
6217763,1014
6217865,1017
6217973,1019
6204582,756
6216162,984
6218379,1026
6205248,774
6216598,989
6217432,1008
6217199,1005
6217914,1018
6175852,389
6170279,300
6166746,247
6173213,343
6176509,396
6176190,394
6172977,340
6174226,358
6172196,331
6174093,355
6175454,382
6169349,283
6177573,407
6177305,403
6174247,359
6178172,412
6178590,418
6178745,419
6175359,380
6175462,383
6176108,392
6179480,429
6173652,350
6180153,435
6179547,430
6170784,306
6178813,420
6171434,314
6179745,433
6180714,443
6180986,447
6177203,402
6179225,423
6182762,463
6182919,466
6177162,401
6176106,391
6182628,462
6182361,460
6181902,454
6178452,415
6184228,474
6184301,475
6184736,486
6185172,492
6178464,417
6168907,278
6182370,461
6184559,481
6186146,505
6183938,470
6186343,509
6179243,425
6186411,511
6184782,487
6178248,413
6180414,439
6186954,518
6182192,459
6187373,522
6187574,524
6186438,512
6185618,496
6184308,476
6186116,503
6184169,472
6181061,448
6179284,427
6188351,538
6170771,305
6218894,1033
6217378,1007
6169563,286
6219187,1040
6218816,1032
6212888,938
6219348,1043
6209048,858
6201229,691
6217791,1015
6219844,1048
6219917,1049
6211871,917
6220040,1054
6218997,1035
6214883,967
6215725,975
6220589,1063
6220026,1053
6220695,1064
6219042,1037
6220857,1068
6219229,1041
6205500,783
6196526,645
6221516,1075
6221185,1073
6169009,280
6215580,973
6221607,1076
6174582,367
6174842,369
6204378,747
6222061,1082
6220937,1069
6219947,1051
6207194,819
6200723,680
6222495,1087
6222756,1088
6222209,1084
6182859,465
6222885,1093
6184341,477
6221900,1081
6223205,1097
6204133,740
6219022,1036
6223688,1102
6210014,881
6220402,1060
6223793,1105
6166160,236
6189598,560
6223369,1099
6213079,945
6207026,815
6224094,1111
6220781,1066
6224580,1119
6224303,1115
6218988,1034
6207982,839
6225567,1136
6224752,1127
6224699,1122
6206757,806
6224690,1121
6207777,836
6217501,1011
6222089,1083
6211883,918
6178168,411
6201238,692
6203994,736
6175424,381
6227059,1147
6227091,1148
6226743,1144
6224735,1125
6226246,1139
6227584,1152
6227391,1151
6227601,1153
6227889,1158
6227653,1154
6225218,1134
6228308,1169
6228306,1168
6228599,1175
6228449,1172
6227302,1149
6229139,1183
6221644,1077
6228600,1176
6212859,937
6228241,1165
6217982,1021
6229460,1191
6219435,1044
6229523,1192
6229547,1193
6190510,578
6171878,325
6228221,1164
6182819,464
6228318,1170
6230021,1197
6217752,1013
6230498,1205
6226994,1146
6224318,1117
6226256,1140
6230467,1202
6229345,1188
6180721,444
6230899,1213
6227758,1156
6231140,1217
6205925,796
6231377,1220
6231397,1222
6231631,1225
6231725,1227
6230610,1207
6203287,712
6177690,408
6232486,1234
6232850,1235
6220786,1067
6233418,1241
6214179,962
6233601,1242
6233624,1243
6222857,1091
6191959,605
6233855,1245
6234344,1250
6150777,34
6234740,1251
6225201,1133
6233372,1239
6231276,1219
6158059,134
6235061,1258
6235175,1259
6230726,1209
6231507,1223
6235693,1263
6201226,690
6236769,1283
6153149,69
6234818,1254
6237140,1289
6227947,1160
6237398,1290
6219330,1042
6237556,1294
6150974,39
6237985,1300
6237871,1299
6234136,1248
6235612,1262
6236440,1278
6236744,1280
6225075,1130
6191438,595
6238423,1307
6238851,1314
6239287,1319
6238712,1312
6239417,1321
6239612,1322
6239647,1323
6235855,1267
6239719,1325
6148771,9
6234772,1253
6237421,1291
6215480,971
6240518,1333
6217108,1000
6184188,473
6239867,1328
6240743,1337
6239079,1316
6240960,1340
6205458,782
6240304,1329
6240467,1332
6241282,1342
6241442,1346
6241595,1348
6237764,1298
6177517,406
6240954,1339
6242063,1356
6210420,889
6179240,424
6240924,1338
6173886,352
6242322,1358
6232022,1228
6241729,1349
6242740,1362
6241056,1341
6242921,1366
6200862,682
6240630,1334
6207702,834
6243696,1371
6228722,1177
6236071,1270
6244135,1373
6244134,1372
6244167,1374
6244324,1377
6242650,1360
6241408,1345
6230779,1211
6244724,1382
6224997,1129
6245587,1390
6245710,1392
6246498,1407
6241736,1350
6245712,1393
6224412,1118
6245382,1389
6246957,1415
6164508,215
6247062,1416
6246049,1400
6242786,1364
6247147,1417
6247580,1419
6247807,1421
6247803,1420
6222927,1095
6240705,1336
6239114,1317
6247322,1418
6248796,1427
6188526,544
6249677,1434
6249733,1437
6184483,479
6224739,1126
6244914,1383
6191780,602
6249224,1431
6246786,1412
6250292,1443
6250314,1444
6204537,753
6189651,562
6187814,529
6251431,1451
6191266,588
6241872,1352
6208461,848
6249161,1429
6245765,1395
6248226,1424
6251990,1457
6252503,1462
6233332,1238
6253175,1470
6249644,1433
6209191,863
6253473,1472
6253503,1473
6253544,1475
6253509,1474
6240389,1331
6246619,1409
6211374,903
6191585,596
6251466,1452
6191825,604
6254243,1485
6254286,1486
6254491,1490
6186861,517
6211691,909
6224317,1116
6254847,1499
6254741,1493
6254857,1500
6254992,1503
6254663,1492
6255169,1505
6255185,1507
6255475,1510
6193416,619
6193459,620
6255686,1515
6255651,1514
6255786,1516
6238198,1304
6252123,1460
6196040,643
6255528,1511
6222912,1094
6257319,1532
6257339,1533
6252048,1458
6258114,1540
6258408,1543
6245048,1385
6255459,1509
6258644,1547
6224219,1113
6258906,1552
6258420,1544
6259167,1557
6258892,1551
6259181,1558
6252691,1464
6254897,1501
6259097,1556
6255973,1519
6245191,1388
6259483,1564
6259581,1567
6259656,1568
6196094,644
6259690,1569
6198632,663
6259352,1562
6260071,1574
6168763,276
6260642,1588
6244278,1375
6260868,1590
6250692,1446
6260841,1589
6229024,1181
6260461,1581
6262230,1609
6260534,1582
6253613,1477
6256555,1526
6202123,698
6262536,1616
6199552,670
6262657,1620
6262630,1619
6260562,1584
6262882,1625
6263131,1628
6205360,776
6263714,1636
6259950,1570
6254756,1494
6263178,1629
6256097,1520
6264275,1646
6202642,703
6255010,1504
6207264,821
6261328,1598
6263422,1632
6190971,583
6253829,1481
6203265,711
6164792,219
6204480,750
6265208,1658
6209556,873
6205784,793
6204572,754
6244322,1376
6246001,1399
6245179,1387
6263430,1633
6266024,1667
6261362,1600
6266007,1666
6263673,1635
6265759,1663
6205089,772
6266451,1672
6266404,1670
6266269,1669
6266520,1673
6219933,1050
6239141,1318
6266693,1675
6266767,1676
6266989,1681
6213356,948
6261310,1597
6265696,1662
6211828,916
6205631,788
6208304,845
6212915,940
6267995,1689
6262456,1615
6263860,1638
6268122,1693
6267807,1688
6268390,1698
6215745,977
6268644,1700
6228064,1162
6261923,1605
6268756,1705
6268849,1707
6203636,724
6190876,582
6227747,1155
6216115,983
6253935,1482
6216988,999
6212940,942
6266860,1677
6218769,1030
6215301,969
6270506,1722
6270221,1720
6270589,1725
6251795,1454
6242899,1365
6270560,1724
6267103,1683
6270945,1733
6205444,780
6219697,1046
6266131,1668
6270889,1732
6264876,1650
6271510,1738
6271071,1735
6271503,1737
6271875,1741
6207831,837
6272014,1744
6266429,1671
6271974,1743
6272838,1751
6268078,1691
6273388,1758
6273628,1760
6274072,1764
6251389,1450
6273102,1754
6274849,1776
6274922,1777
6275324,1781
6275535,1784
6222870,1092
6276214,1797
6276167,1793
6204137,741
6275691,1787
6275310,1779
6268236,1694
6268729,1703
6276874,1806
6276196,1795
6276992,1808
6276351,1799
6233308,1237
6275707,1788
6274385,1767
6276320,1798
6271891,1742
6275912,1789
6149733,27
6277915,1819
6275396,1782
6274780,1775
6277179,1812
6215778,978
6278634,1828
6278791,1832
6271633,1739
6199988,674
6277407,1816
6279550,1846
6221195,1074
6279219,1838
6279570,1847
6277976,1821
6274134,1765
6194981,633
6275564,1785
6278726,1829
6279404,1843
6278780,1831
6280526,1853
6278237,1823
6186691,515
6276751,1804
6281062,1862
6268090,1692
6281046,1861
6281077,1863
6280782,1854
6275066,1778
6274666,1773
6282171,1876
6282225,1878
6282207,1877
6282409,1881
6280904,1860
6224130,1112
6282110,1874
6283423,1885
6281426,1865
6283711,1889
6228298,1167
6283767,1891
6262304,1610
3289765,3
6277353,1814
6283645,1888
6174956,372
6285093,1901
6285100,1902
6280792,1855
6285336,1905
6285490,1907
6246953,1414
6285616,1909
6228864,1179
6279945,1848
6286187,1918
6286821,1923
6286079,1914
6229456,1190
6244646,1380
6287217,1928
6231122,1216
6286129,1916
6287475,1932
6286762,1922
6287152,1927
6287850,1933
6231092,1215
6231387,1221
6188694,546
6184951,489
6188336,537
6189159,551
6185208,493
6188661,545
6189373,555
6189481,557
6189491,558
6189851,568
6181961,455
6189888,569
6184535,480
6188328,536
6188311,535
6190874,581
6175040,375
6149179,14
6191051,585
6171918,326
6191009,584
6189329,554
6186851,516
6191303,589
6191792,603
6191675,599
6188714,547
6191653,597
6192319,608
6192463,609
6188840,549
6192551,611
6192637,613
6192718,614
6193690,624
6189673,563
6194356,627
6194232,626
6194684,631
6193110,618
6193813,625
6195082,635
6191354,592
6156493,120
6196679,646
6188387,540
6196771,648
6197636,657
6198934,665
6199193,667
6186452,513
6199422,668
6199923,673
6281929,1871
6155049,93
6217980,1020
6289019,1944
6289427,1947
6289431,1948
6260590,1586
6288420,1938
6290195,1957
6290443,1964
6288758,1940
6289596,1950
6290355,1960
6290675,1968
6255639,1513
6282070,1873
6236977,1286
6289876,1953
6231559,1224
6291178,1975
6291705,1979
6287267,1929
6291768,1980
6291892,1982
6290376,1961
6195881,641
6156065,115
6292033,1985
6211377,904
6277157,1809
6292068,1986
6292883,1994
6199742,672
6291819,1981
6270464,1721
6272462,1750
6291661,1978
6292277,1987
6285754,1910
6293739,2004
6293761,2005
6294007,2010
6155949,111
6238969,1315
6246162,1402
6294574,2016
6294637,2017
6185633,497
6198963,666
6200671,679
6200929,685
6201043,688
6200896,684
6202109,697
6201035,686
6202634,702
6196760,647
6203649,725
6203472,719
6203175,710
6200187,676
6203481,721
6204279,744
6204488,752
6204744,761
6204117,739
6200264,677
6205442,779
6197112,654
6205274,775
6204921,767
6205920,795
6206103,798
6203145,709
6203067,707
6172065,329
6204795,764
6191152,587
6208701,853
6203812,729
6209104,861
6205768,792
6209167,862
6208545,851
6203023,706
6209403,869
6205109,773
6207053,816
6207315,823
6210221,887
6208886,854
6210900,895
6208271,844
6207113,817
6163046,193
6211676,908
6207001,814
6203530,723
6211733,912
6162042,178
6212096,921
6204459,749
6211942,919
6212533,933
6212507,931
6212081,920
6210908,896
6211583,906
6212836,935
6205713,790
6213606,950
6205800,794
6204719,760
6213889,953
6209000,856
6212427,929
6212276,925
6204315,745
6214743,966
6200854,681
6214605,964
6205745,791
6211039,898
6213693,952
6153935,80
6214317,963
6210030,882
6208251,843
6211824,915
6216456,987
6216098,982
6216392,985
6208004,840
6210129,884
6217485,1010
6214079,959
6205558,787
6217717,1012
6209095,860
6215538,972
6167435,257
6216852,997
6159474,153
6217483,1009
6218016,1022
6204644,757
6187191,520
6214152,960
6219116,1039
6212210,924
6215400,970
6218776,1031
6219711,1047
6215960,979
6291952,1983
6294973,2023
6295006,2024
6295123,2025
6292427,1989
6293892,2008
6284828,1898
6290262,1958
6290616,1966
6295539,2031
6295564,2033
6242392,1359
6219957,1052
6295994,2036
6296078,2041
6295555,2032
6236680,1279
6211777,913
6296648,2048
6296715,2049
6229362,1189
6296607,2047
6216736,994
6296932,2053
6296947,2055
6296598,2046
6296199,2042
6234752,1252
6242059,1355
6297165,2057
6286878,1925
6293390,2000
6294852,2022
6246191,1403
6244673,1381
6245736,1394
6299054,2074
6245116,1386
6239734,1326
6242769,1363
6299222,2077
6298874,2069
6261591,1602
6298059,2062
6295206,2026
6300090,2098
6300003,2096
6300140,2099
6246616,1408
6272854,1752
6294805,2020
6220124,1055
6220259,1057
6210443,890
6216694,993
6220343,1059
6220733,1065
6203850,731
6204686,759
6220949,1070
6203834,730
6209413,870
6206839,807
6219058,1038
6167677,261
6209072,859
6190097,572
6218063,1023
6210798,894
6192631,612
6221809,1079
6220272,1058
6218704,1029
6221001,1071
6222357,1085
6199502,669
6206611,804
6222434,1086
6221837,1080
6221673,1078
6223061,1096
6223630,1101
6204760,762
6223885,1107
6224062,1110
6223975,1109
6205373,777
6217158,1002
6218538,1028
6192884,615
6170263,298
6224703,1123
6206976,813
6219459,1045
6225193,1132
6223704,1103
6213465,949
6204880,765
6225191,1131
6168003,267
6300833,2104
6300972,2106
6299893,2092
6233936,1246
6299400,2079
6299871,2091
6286490,1919
6299429,2082
6285325,1904
6302075,2122
6300658,2102
6247811,1422
6302600,2128
6299474,2084
6299407,2080
6296000,2037
6302675,2130
6291976,1984
6303225,2140
6230484,1203
6303409,2142
6302067,2121
6295320,2029
6303741,2147
6303770,2148
6301857,2119
6303854,2152
6298995,2073
6284721,1897
6298881,2070
6304560,2161
6304650,2163
6303774,2149
6299999,2095
6279244,1839
6251734,1453
6304358,2156
6295695,2034
6303673,2145
6301751,2116
6245951,1398
6305610,2178
6305840,2182
6207566,831
6297161,2056
6238683,1311
6246438,1405
6305613,2179
6224726,1124
6203957,734
6223576,1100
6226532,1142
6225773,1137
6188289,533
6204679,758
6223873,1106
6222804,1090
6223942,1108
6208598,852
6227957,1161
6228272,1166
6228744,1178
6224644,1120
6228084,1163
6228984,1180
6193617,622
6228507,1173
6220208,1056
6229187,1184
6229753,1195
6223250,1098
6229233,1185
6227789,1157
6229834,1196
6225898,1138
6230489,1204
6229331,1187
6229329,1186
6230725,1208
6162445,186
6230959,1214
6217240,1006
6230382,1199
6228522,1174
6231239,1218
6203955,733
6230754,1210
6232217,1231
6191355,593
6230824,1212
6232412,1233
6232996,1236
6233401,1240
6207278,822
6306188,2186
6304457,2158
6306453,2189
6304970,2170
6187093,519
6303547,2144
6254225,1484
6306338,2187
6299065,2075
6296062,2039
6307685,2198
6201592,695
6306644,2192
6308201,2202
6301582,2113
6301998,2120
6308513,2207
6309060,2217
6307399,2196
6255560,1512
6308037,2201
6307811,2199
6309563,2220
6283861,1893
6267443,1685
6308904,2215
6307892,2200
6308957,2216
6308739,2210
6310167,2230
6257612,1537
6310691,2236
6257615,1538
6311015,2238
6309757,2225
6309851,2228
6302433,2125
6309063,2218
6309745,2223
6311553,2242
6256230,1523
6311615,2243
6300986,2107
6312093,2248
6312225,2250
6308282,2204
6312077,2247
6151715,47
6311236,2240
6313028,2265
6156020,114
6190137,573
6312403,2253
6313497,2268
6231691,1226
6234003,1247
6234186,1249
6191657,598
4478184,8
6188361,539
6234897,1256
6198672,664
6235042,1257
6198324,660
6189810,567
6235806,1265
6235851,1266
6235798,1264
6235914,1269
6228328,1171
6236249,1274
6236342,1276
6227910,1159
6236433,1277
6236944,1285
6237026,1287
6236752,1281
6237511,1292
6237681,1295
6232261,1232
6237759,1297
6238052,1303
6230410,1200
6236111,1271
6236762,1282
6226417,1141
6238825,1313
6180238,436
6237536,1293
6230037,1198
6216021,980
6238012,1301
6239863,1327
6238318,1305
6237691,1296
6238504,1308
6204997,769
6235897,1268
6215581,974
6239718,1324
6306848,2193
6312224,2249
6220580,1062
6290118,1955
6314176,2280
6314257,2282
6314118,2278
6303115,2137
6173066,341
6189151,550
6314980,2287
6314945,2286
6205516,784
6218229,1024
6314210,2281
6312948,2263
6303087,2136
6298955,2072
6309751,2224
6316076,2302
6299083,2076
6316217,2303
6316899,2307
6313770,2273
6315647,2295
6314984,2288
6318445,2326
6318850,2333
6180712,442
6264222,1644
6318974,2335
6319447,2342
6295216,2027
6236230,1273
6319956,2349
6320211,2356
6319335,2339
6266978,1679
6321128,2372
6318403,2325
6315709,2296
6322111,2388
6301499,2112
6322271,2394
6322116,2389
6321745,2382
6285958,1912
6322718,2401
6320836,2367
6293636,2002
6267688,1687
6316965,2308
6322992,2406
6229734,1194
6238417,1306
6237095,1288
6232091,1230
6236332,1275
6241360,1344
6181751,452
6241489,1347
6197348,656
6240306,1330
6242119,1357
6238517,1309
6235320,1261
6243568,1370
6210937,897
6241806,1351
6244440,1379
6243065,1367
6242045,1354
6221009,1072
6245661,1391
6204783,763
6238643,1310
6245922,1397
6153101,68
6246690,1410
6246474,1406
6192956,617
6169956,291
6246105,1401
6248209,1423
6244997,1384
6248838,1428
6246725,1411
6249705,1435
6249718,1436
6249757,1438
6249971,1441
6198368,661
6240666,1335
6238034,1302
6226645,1143
6251155,1448
6203727,726
6250893,1447
6213608,951
6253013,1466
6253111,1469
6207471,826
6252367,1461
6253035,1467
6253077,1468
6253594,1476
6248263,1425
6254416,1488
6253684,1478
6248728,1426
6254800,1497
6232086,1229
6254776,1495
6254401,1487
6254909,1502
6218408,1027
6253957,1483
6254570,1491
6217805,1016
6253761,1480
6255819,1517
6256179,1522
6256144,1521
6256244,1524
6256616,1527
6257722,1539
6256939,1529
6251798,1455
6192160,606
6239314,1320
6258505,1545
6257194,1530
6258668,1548
6257487,1535
6256736,1528
6259070,1555
6259005,1554
6256527,1525
6259231,1560
6259540,1565
6259227,1559
6195607,640
6258792,1550
6259970,1572
6260015,1573
6259413,1563
6245769,1396
6260552,1583
6260622,1587
6260579,1585
6255877,1518
6260894,1591
6259320,1561
6224238,1114
6258783,1549
6260112,1575
6261202,1595
6261493,1601
6220517,1061
6250202,1442
6262186,1608
6262403,1613
6212898,939
6151907,49
6262765,1623
6262889,1626
6241935,1353
6258623,1546
6258976,1553
6262351,1612
6261029,1594
6260939,1592
6236850,1284
6263805,1637
6264161,1641
6262911,1627
6243395,1368
6251223,1449
6264470,1648
6216072,981
6259965,1571
6191708,600
6265032,1653
6265055,1655
6265169,1657
6265282,1659
6265296,1660
6260227,1578
6254788,1496
6249877,1439
6262089,1607
6265791,1664
6265917,1665
6207619,832
6199628,671
6264656,1649
6267018,1682
6267166,1684
6264445,1647
6212514,932
6264104,1640
6257302,1531
6263484,1634
6268388,1697
6268503,1699
6249179,1430
6260444,1580
6268686,1701
6268767,1706
6171738,321
6266887,1678
6269086,1710
6268314,1695
6266618,1674
6268700,1702
6269156,1712
6262823,1624
6269479,1713
6269671,1715
6269641,1714
6229121,1182
6264196,1643
6270164,1718
6263226,1631
6267596,1686
6246307,1404
6246872,1413
6270175,1719
6271065,1734
6269048,1709
6269876,1717
6271487,1736
6272275,1745
6270743,1729
6261715,1604
6272364,1746
6272421,1749
6264942,1651
6262327,1611
6272988,1753
6270775,1730
6270597,1726
6273135,1755
6269094,1711
6273385,1757
6270525,1723
6273416,1759
6274389,1768
6274637,1772
6273749,1761
6222764,1089
6266987,1680
6272369,1747
6273851,1762
6275576,1786
6275929,1790
6276203,1796
6276466,1802
6276581,1803
6202520,701
6268318,1696
6276792,1805
6274059,1763
6276929,1807
6276426,1801
6277262,1813
6189387,556
6270734,1728
6277537,1817
6272400,1748
6278070,1822
6277876,1818
6278291,1824
6276170,1794
6278574,1827
6277177,1811
6278805,1833
6278832,1834
6278843,1835
6258245,1541
6275963,1791
6278914,1836
6177906,409
6279198,1837
6274197,1766
6279354,1840
6279388,1842
6274518,1771
6279960,1849
6279510,1845
6257534,1536
6280378,1851
6280458,1852
6276083,1792
6280794,1856
6278730,1830
6280823,1857
6264264,1645
6279359,1841
6281433,1866
6281511,1867
6278452,1826
6281864,1870
6278413,1825
6277959,1820
6275405,1783
6279467,1844
6241302,1343
6281636,1868
6282743,1883
6282736,1882
3129800,2
6251895,1456
6274420,1769
6283744,1890
6283578,1886
6260399,1579
6284582,1895
6282922,1884
6283600,1887
6280361,1850
6285006,1900
6159698,156
6268076,1690
6282308,1879
6271691,1740
6286164,1917
6275320,1780
6286108,1915
6284504,1894
6286652,1921
6283839,1892
6286643,1920
6287324,1930
6153006,66
6285389,1906
6286876,1924
6287861,1934
6288711,1939
6288085,1935
6285315,1903
6268732,1704
6287340,1931
6289717,1951
6269836,1716
6289812,1952
6290031,1954
6290166,1956
6290389,1963
6290384,1962
6155401,99
6288989,1943
6277381,1815
6207339,824
6290965,1970
6291019,1971
6291035,1973
6282404,1880
6291064,1974
6289193,1945
6211634,907
6264173,1642
6289510,1949
6291340,1977
6264949,1652
6292821,1993
6292926,1995
6292990,1996
6281717,1869
6293181,1997
6293292,1999
6249880,1440
6293661,2003
6293938,2009
6290486,1965
6282159,1875
6294506,2015
6293841,2007
6290648,1967
6270791,1731
6295226,2028
6288799,1941
6294412,2014
6296077,2040
6296010,2038
6296225,2043
6293578,2001
6296415,2045
6179025,422
6296806,2051
6276407,1800
6296908,2052
6296939,2054
6290718,1969
6292338,1988
6293230,1998
6212849,936
6299343,2078
6299739,2089
6207179,818
6299924,2093
6296777,2050
6300178,2100
6284936,1899
6300218,2101
6299668,2088
6299655,2087
6294042,2011
6295466,2030
6300732,2103
6298444,2065
6300918,2105
6281291,1864
6298773,2068
6286009,1913
6301074,2109
6299451,2083
6289410,1946
6301376,2110
6301405,2111
6301619,2115
6260954,1593
6301776,2117
6302145,2123
6302511,2126
6302634,2129
6284590,1896
6302183,2124
6302956,2133
6302984,2135
6217171,1003
6303430,2143
6298436,2064
6302889,2132
6303836,2151
6299942,2094
6303681,2146
6292444,1990
6270617,1727
6304357,2155
6304658,2164
6165220,220
6304603,2162
6304797,2165
6304899,2168
6304934,2169
6297647,2061
6305138,2171
6305303,2174
6305349,2175
6305541,2177
6304327,2154
6291287,1976
6301823,2118
6305244,2173
6298919,2071
6176186,393
6306390,2188
6306021,2183
6305697,2181
6306858,2194
6303835,2150
6300063,2097
6305614,2180
6280898,1859
6296400,2044
6305219,2172
6308239,2203
6308403,2206
6308578,2208
6306968,2195
6306124,2185
6308644,2209
2942914,0
6308757,2211
6268977,1708
6309565,2221
6309128,2219
6259546,1566
6308802,2212
6309849,2227
6310794,2237
6290298,1959
6305525,2176
6297586,2059
6312237,2251
6311789,2244
6306643,2191
6312402,2252
6310529,2234
6304855,2167
6312532,2256
6312794,2260
6312888,2262
6288139,1936
6312805,2261
6311363,2241
6314280,2283
6184726,485
6314433,2284
6314033,2277
6212924,941
6313898,2275
6315547,2292
6315712,2297
6312013,2246
6315794,2298
6167102,253
6303218,2139
6316420,2306
6312657,2258
6313366,2266
6310410,2231
6292752,1992
6317046,2309
6294704,2018
6294745,2019
6310156,2229
6317287,2311
6315810,2299
6309611,2222
6317853,2319
6318075,2321
6318110,2322
6318142,2323
6318510,2330
6317648,2316
6318969,2334
6319038,2336
6318480,2327
6313948,2276
6319290,2338
6319416,2340
6318773,2332
6319645,2343
6319735,2344
6319925,2348
6320182,2353
6320209,2355
6318492,2328
6320219,2357
6320094,2351
6320298,2358
6320794,2365
6320869,2368
6320822,2366
6320972,2370
6321162,2373
6321238,2375
6321421,2378
6321497,2381
6321472,2380
6181549,451
6321943,2386
6317359,2313
6322068,2387
6320186,2354
6322189,2391
6322616,2398
6254813,1498
6322908,2405
6323149,2410
6322217,2393
6323205,2413
6323179,2411
6323218,2414
6318003,2320
6323973,2419
6323978,2421
6321443,2379
6324456,2429
6306095,2184
6316230,2304
3409109,5
6299578,2085
6313650,2270
6324817,2434
6322876,2404
6325020,2436
6324289,2424
6319895,2347
6325345,2439
6325472,2442
6324922,2435
6325811,2447
6325910,2450
6325717,2445
6323747,2418
6321182,2374
6326102,2456
6326431,2466
6326714,2468
6326724,2469
6327016,2476
6282038,1872
6327255,2477
6304534,2159
6322634,2399
6324555,2431
6327829,2481
6327830,2482
6313689,2271
6294832,2021
6327995,2485
6325883,2448
6325976,2452
6166451,239
6326276,2462
6317598,2315
6325044,2437
6328845,2493
6188251,532
6329116,2498
6315240,2291
6326136,2459
6329145,2499
6326893,2472
6329205,2500
6329690,2502
6330090,2508
6304400,2157
6318507,2329
6326039,2454
6209634,875
6320946,2369
6330439,2515
6309810,2226
6330509,2517
6330534,2518
6280840,1858
6330871,2520
6331040,2524
6317166,2310
6234878,1255
6330169,2510
6298295,2063
6297635,2060
6331527,2530
6331861,2535
6332132,2538
6252826,1465
6332332,2541
6322422,2396
6298481,2066
6332971,2546
6320056,2350
6321241,2376
6332370,2542
6322583,2397
6333035,2547
6333541,2551
6330105,2509
6332402,2543
6334164,2558
6255355,1508
6323368,2415
6236188,1272
6331030,2523
6334977,2563
6304553,2160
6202814,705
6320575,2361
6335731,2573
6189619,561
6335462,2567
6335970,2574
6335615,2570
6326077,2455
6332963,2545
6285548,1908
6328058,2487
6336428,2582
6294223,2012
6310504,2233
6337109,2587
6292695,1991
6337669,2595
6337550,2593
6338040,2599
6336255,2578
6338200,2601
6337861,2596
6338329,2603
6331879,2536
6338262,2602
6338790,2606
6333334,2548
6337122,2588
6335518,2569
6324703,2433
6339485,2613
6339259,2611
6339603,2614
6340070,2621
6340202,2623
6325544,2443
6340415,2626
6334139,2557
6297469,2058
6328066,2488
6339918,2619
6338637,2604
6299758,2090
6337650,2594
6340791,2633
6310533,2235
6341632,2645
6336774,2584
6341874,2652
6331459,2529
6257443,1534
6342045,2657
6342029,2656
6342283,2660
6340360,2624
6342428,2661
6342705,2668
6312957,2264
6341666,2646
6342986,2673
6342276,2659
6339798,2617
6343207,2675
6343367,2676
6340139,2622
6343398,2678
6335178,2564
6331669,2532
6343635,2681
6343771,2685
6344188,2689
6321881,2385
6198224,659
6343875,2686
6181797,453
6344674,2693
6336859,2586
6163279,196
6327893,2483
6342679,2667
6345068,2696
6329817,2503
6342728,2669
6345413,2698
6345477,2700
6345700,2704
6341380,2643
6346206,2707
6226786,1145
6346372,2709
6344593,2691
6346823,2712
6343630,2680
6347673,2723
6340844,2635
6347972,2725
6320460,2360
6348450,2729
6347020,2715
6330331,2513
6326401,2465
6348682,2733
6349341,2737
6346399,2710
6348265,2728
6349615,2741
6349974,2746
6332876,2544
6294292,2013
6346996,2714
6345009,2694
6349663,2743
6349732,2745
6349995,2747
6350093,2748
6321309,2377
6350829,2754
6337981,2597
6341356,2642
6351507,2763
6352412,2768
6348653,2732
6350443,2752
6353274,2777
6352371,2767
6148821,11
6351176,2758
6353832,2780
6340611,2630
6350383,2751
6354271,2785
6352970,2774
6352445,2770
6353519,2778
6354970,2792
6354063,2784
6341175,2640
6187758,527
6354610,2787
6355674,2796
6301610,2114
6355223,2793
6353543,2779
6356359,2802
6356666,2805
6188227,531
6315836,2300
6252052,1459
6345568,2702
6357079,2811
6357101,2812
6357223,2814
6357601,2818
6353950,2782
6358692,2825
6359101,2830
6359325,2831
6359531,2832
6358461,2822
6356240,2800
6230599,1206
6360650,2837
6330061,2505
6360517,2836
6358011,2820
6361209,2842
6361436,2846
6361552,2850
6321001,2371
6361841,2854
6354941,2791
6361964,2855
6286979,1926
6334625,2561
6362153,2857
6360869,2838
6362425,2861
6362927,2872
6363029,2873
6361495,2848
6363150,2874
6360891,2839
6362843,2868
6363677,2879
6261339,1599
6363931,2884
6184587,482
6364171,2885
6183123,467
6361585,2851
6364501,2890
6351452,2762
6363876,2881
6366560,2905
6366637,2908
6366646,2909
6366804,2912
6363323,2875
6365308,2896
6366689,2910
6354627,2788
6367412,2920
6347053,2716
6367329,2919
6367465,2921
6365721,2900
6367054,2916
6362891,2870
6366284,2903
6367842,2924
6342930,2672
6218359,1025
6357192,2813
6285932,1911
6192171,607
6369053,2935
6369751,2942
6369802,2946
6213340,947
6369373,2939
6368177,2929
6323678,2417
6352977,2775
6370815,2954
6233662,1244
6370741,2952
6317336,2312
6371321,2958
6371655,2962
6371611,2960
6372028,2963
6348452,2730
6372148,2966
6303388,2141
6371167,2956
6308874,2214
6372976,2968
6369304,2938
6373156,2969
6355773,2797
6373913,2972
6265077,1656
6374587,2981
6343713,2682
6373158,2970
6367900,2926
6374764,2984
6374898,2986
6375387,2989
6350824,2753
6341286,2641
6374300,2975
6375828,2992
6349508,2740
6376325,2994
6376526,2997
6374554,2980
6375446,2990
6332272,2540
6377197,3000
6361531,2849
6377849,3003
6314124,2279
6378050,3006
6378275,3007
6375933,2993
6340889,2636
6378685,3010
6165299,221
6262556,1617
6379020,3016
6379258,3019
6378933,3012
6379266,3020
6317838,2318
6379806,3024
6379862,3025
6379930,3026
6377425,3002
6252665,1463
6320763,2363
6262725,1622
6265370,1661
6208186,842
6212949,943
6313408,2267
6293762,2006
6380753,3029
6260188,1576
6224836,1128
6254436,1489
6262087,1606
6255174,1506
6260209,1577
6262451,1614
6263183,1630
6258342,1542
6253708,1479
6265034,1654
6262661,1621
6261683,1603
6209427,871
6230432,1201
6311057,2239
6315567,2293
6149287,17
3053432,1
6288204,1937
6306602,2190
6312493,2254
6311871,2245
6316022,2301
6318602,2331
6322378,2395
6323035,2409
6195233,637
6209960,880
6261267,1596
6307676,2197
6318387,2324
6304817,2166
6320702,2362
6201082,689
6310493,2232
6319267,2337
6313608,2269
6313702,2272
6370364,2950
6380934,3031
6380999,3033
6365954,2902
6363878,2882
6381125,3034
6380774,3030
6381664,3040
6191074,586
6325962,2451
6381969,3044
6326330,2463
6382037,3045
6382129,3048
6324589,2432
6321879,2384
6370148,2947
6381755,3041
6347615,2722
6382761,3052
6382857,3053
6382722,3050
6383039,3056
6382938,3054
6383202,3057
6324433,2428
6383769,3060
6326107,2457
6299608,2086
6328878,2494
6384170,3061
6380717,3028
6384461,3063
6273205,1756
6319864,2346
6384990,3067
6365554,2897
6385071,3068
6385323,3069
6378668,3009
6385484,3070
6330223,2512
6324312,2426
6384716,3065
6386857,3075
6386964,3076
6387013,3077
6387061,3078
6387208,3079
6343733,2684
6387368,3081
6223759,1104
6387444,3082
6332246,2539
6331938,2537
6388413,3085
6314702,2285
6388656,3086
6317539,2314
6323033,2408
6323549,2416
6315188,2290
6322831,2402
6313860,2274
6321861,2383
6324504,2430
6323014,2407
6322181,2390
6325234,2438
6325761,2446
6264018,1639
6324212,2422
6323974,2420
6326231,2460
6326128,2458
6244439,1378
6326739,2470
6326961,2475
6326239,2461
6322855,2403
6327452,2478
6326667,2467
6308847,2213
6326865,2471
6327773,2480
6327765,2479
6328047,2486
6326365,2464
6324380,2427
6328761,2492
6328893,2495
6250582,1445
6328932,2496
6329027,2497
6325358,2440
6243527,1369
6320394,2359
6329545,2501
6328149,2489
6330356,2514
6324304,2425
6312605,2257
6330473,2516
6330562,2519
6330995,2522
6331267,2526
6331409,2528
6331552,2531
6331674,2533
6330036,2504
6330914,2521
6164251,212
6331751,2534
6308377,2205
6302562,2127
6326931,2474
6303136,2138
6333393,2550
6333695,2552
6325892,2449
6315628,2294
6334036,2556
6333964,2555
6334211,2559
6334396,2560
6324263,2423
6302812,2131
6335328,2566
6335179,2565
6235195,1260
6325411,2441
6330085,2506
6335485,2568
6333897,2554
6335717,2571
6335719,2572
6274758,1774
6336240,2577
6336283,2579
6336314,2580
6328512,2491
6327942,2484
6325690,2444
6336489,2583
6333342,2549
6331316,2527
6336364,2581
6337146,2589
6337404,2591
6337496,2592
6338097,2600
6336028,2576
6338640,2605
6338869,2607
6291031,1972
6339114,2608
6175881,390
6339666,2615
6339182,2609
6339836,2618
6340035,2620
6339753,2616
6340453,2627
6328251,2490
6340515,2628
6330217,2511
6249289,1432
6341068,2637
6336854,2585
6341475,2644
6335971,2575
6340740,2631
6341953,2655
6341950,2654
6227382,1150
6342610,2663
6340402,2625
6342611,2664
6341807,2649
6342619,2665
6342766,2670
6341914,2653
6342236,2658
6343180,2674
6343369,2677
6295838,2035
6340529,2629
6343916,2687
6340776,2632
6339317,2612
6298665,2067
6319417,2341
6344605,2692
6344474,2690
6345039,2695
6345196,2697
6325984,2453
6345471,2699
6341771,2647
6345639,2703
6345798,2705
6345936,2706
6343442,2679
6342656,2666
6341834,2650
6345494,2701
6346367,2708
6277176,1810
6347547,2721
6346921,2713
6340832,2634
6323204,2412
6348703,2734
6342814,2671
6348551,2731
6348881,2736
6348077,2726
6348870,2735
6347695,2724
6299421,2081
6349370,2738
6338004,2598
6350178,2749
6348138,2727
6343717,2683
6185806,499
6347156,2717
6350372,2750
6302978,2134
6341839,2651
6351054,2755
6349411,2739
6349696,2744
6351355,2760
6351320,2759
6351674,2764
6351686,2765
6326903,2473
6351410,2761
6346416,2711
6352960,2773
6351146,2757
6353248,2776
6351905,2766
6352957,2772
6351061,2756
6225437,1135
6341087,2638
6342455,2662
6356225,2798
6355282,2794
6356587,2804
6356667,2806
6356702,2807
6356239,2799
6357039,2810
6354023,2783
6357453,2815
6357574,2817
6357500,2816
6357652,2819
6354314,2786
6358329,2821
6242662,1361
6358665,2824
6358912,2828
6359028,2829
6359988,2834
6347377,2719
6304184,2153
6361094,2841
6355288,2795
6361282,2843
6361475,2847
6361035,2840
6361595,2852
6361705,2853
6347164,2718
6361302,2844
6360001,2835
6356459,2803
6362198,2859
6349635,2742
6362183,2858
6362622,2864
6362611,2863
6358901,2827
6362815,2866
6362907,2871
6362839,2867
6362880,2869
6356830,2809
6362689,2865
6363401,2876
6363536,2877
6363573,2878
6363865,2880
6331186,2525
6358540,2823
6364194,2886
6364370,2889
6344111,2688
6347467,2720
6363918,2883
6356787,2808
6364906,2893
6365101,2894
6365612,2899
6365604,2898
6339238,2610
6274487,1770
6362010,2856
6366614,2907
6362579,2862
6366825,2913
6366571,2906
6367174,2918
6365134,2895
6367600,2923
6367538,2922
6189554,559
6367891,2925
6367959,2928
6367920,2927
6364295,2888
6367022,2915
6356327,2801
6301037,2108
6341152,2639
6368934,2933
6369040,2934
6253284,1471
6288923,1942
6367173,2917
6362274,2860
6364523,2891
6369707,2940
6369720,2941
6369771,2945
6369763,2943
6370176,2948
6368233,2930
6341778,2648
6354786,2789
6370671,2951
6371031,2955
6371530,2959
6371638,2961
6361322,2845
6371255,2957
6372049,2964
6372097,2965
6368313,2931
6372726,2967
6369765,2944
6368504,2932
6364832,2892
6373287,2971
6367021,2914
6365801,2901
6374314,2976
6374288,2974
6374521,2979
6369130,2937
6374507,2978
6374017,2973
6374708,2983
6366463,2904
6374845,2985
6374914,2987
6375507,2991
6375198,2988
6376603,2998
6320181,2352
6352422,2769
6377377,3001
6370749,2953
6376427,2995
6377926,3005
6317808,2317
6330089,2507
6364195,2887
6334780,2562
6376485,2996
6378971,3013
6379129,3018
6353948,2781
6379011,3015
6374671,2982
6378998,3014
6378614,3008
6376945,2999
6379381,3021
6377895,3004
6379742,3023
6366783,2911
6379564,3022
6322660,2400
6262584,1618
6316397,2305
6312531,2255
6320790,2364
6201516,694
6312705,2259
6315062,2289
6319847,2345
6378711,3011
6380951,3032
6333715,2553
6381237,3037
6381300,3039
6337258,2590
6381256,3038
6381202,3036
6380324,3027
6379089,3017
6381129,3035
6381827,3042
6381912,3043
6382042,3046
6382076,3047
6374437,2977
6382753,3051
6383004,3055
6359693,2833
6383340,3058
6383690,3059
6384292,3062
6384650,3064
6384958,3066
6352486,2771
6382686,3049
6385584,3071
6369111,2936
6386204,3072
6354794,2790
6386591,3073
6322196,2392
6386791,3074
6387316,3080
6358865,2826
6387642,3083
6387756,3084
6370357,2949
